aaai,CGGCCG
aacli,GGATCC
aaei,GGATCC
aagi,ATCGAT
aani,TTATAA
aaqi,GTGCAC
aari,CACCTGC
aasi,GACNNNNNNGTC
aati,AGGCCT
aatii,GACGTC
aaui,TGTACA
abai,TGATCA
aba7804ii,GNGCAAC
abaai,C
abab8342iv,CATTAG
ababgi,C
abaci,C
abadi,C
abahi,C
abasi,C
abati,C
abaui,C
abaumb2i,YCCGSS
abei,CCTCAGC
abri,CTCGAG
abr4036ii,GRTYGACC
abr4039ii,TGGCCA
absi,CCTCGAGG
acai,TTCGAA
acaii,GGATCC
acaiii,TGCGCA
acaiv,GGCC
acapi,C
acci,GTMKAC
accii,CGCG
acciii,TCCGGA
accviii,CTGAAG
accix,GACRAC
accx,GGARCA
acc16i,TGCGCA
acc36i,ACCTGC
acc38i,CCWGG
acc65i,GGTACC
acc65v,GACGCA
acc113i,AGTACT
accb1i,GGYRCC
accb2i,RGCGCY
accb7i,CCANNNNNTGG
accbsi,CCGCTC
accebi,GGATCC
acei,GCWGC
aceii,GCTAGC
aceiii,CAGCTC
acha6iii,AGCCAG
acii,CCGC
acli,AACGTT
aclni,ACTAGT
aclwi,GGATC
acoi,YGGCCR
aco12261ii,CCRGAG
acoy31ii,TAGCRAB
acpi,TTCGAA
acpii,CCANNNNNTGG
acri,CYCGRG
acrii,GGTNACC
acsi,RAATTY
acs1371i,GTCGAC
acs1372i,GTCGAC
acs1373i,GTCGAC
acs1421i,GTCGAC
acs1422i,GTCGAC
acui,CTGAAG
acuii,CCWGG
acvi,CACGTG
acyi,GRCGYC
adei,CACNNNGTG
aehi,CTCGAG
aehii,AGGCCT
aerai,CTCGAG
aeui,CCWGG
afai,GTAC
afa22mi,CGATCG
afa16ri,CGATCG
afa24ri,GCCGGC
afei,AGCGCT
afii,CCNNNNNNNGG
afli,GGWCC
aflii,CTTAAG
afliii,ACRYGT
afliv,AGTACT
afl83i,TTCGAA
afl83ii,GGCC
agei,ACCGGT
agli,CCWGG
agsi,TTSAA
ahai,CCSGG
ahaii,GRCGYC
ahaiii,TTTAAA
ahab1i,GGNCC
ahab8i,GGTACC
ahdi,GACNNNNNGTC
ahli,ACTAGT
ahyi,CCCGGG
ahyai,CTCGAG
ahyrbahi,GCYYGAC
ahyyl17i,YAAMGAG
aini,CTGCAG
ainii,GGATCC
aiti,AGCGCT
aitii,RGATCY
aitai,RGATCY
ajii,CACGTC
ajni,CCWGG
ajoi,CTGCAG
ajui,GAANNNNNNNTTGG
ajui,CCAANNNNNNNTTC
ala17612i,GCWGC
alei,CACNNNNGTG
alfi,GCANNNNNNTGCNNNNNNNNNNNN
alfi,GCANNNNNNTGCNNNNNNNNNNNN
alii,GGATCC
ali2882i,CTGCAG
ali12257i,GGATCC
ali12258i,GGATCC
aliaji,CTGCAG
aloi,GAACNNNNNNTCC
aloi,GGANNNNNNGTTC
alui,AGCT
alubi,AGCT
alwi,GGATC
alw21i,GWGCWC
alw26i,GTCTC
alw44i,GTGCAC
alwfi,GAAAYNNNNNRTG
alwfii,CTCGAG
alwni,CAGNNNCTG
alwxi,GCAGC
ama87i,CYCGRG
amacsi,GCTCCA
amasi,TCGCGA
amei,GTGCAC
ameii,GCCGGC
animi,GCCGGC
aoci,CCTNAGG
aocii,GDGCHC
aod1i,GATCNAC
aori,CCWGG
aor13hi,TCCGGA
aor51hi,AGCGCT
aosi,TGCGCA
aosii,GRCGYC
aosiii,CCGCGG
aoxi,GGCC
apai,GGGCCC
apabi,GCANNNNNTGC
apaci,GGATCC
apali,GTGCAC
apaori,CCWGG
apctr183i,TGCGCA
apei,ACGCGT
apeai,GCCGGC
apeki,GCWGC
apii,CTGCAG
apli,CTGCAG
apoi,RAATTY
apri,GCCGGC
apui,GGNCC
apu16i,ATCGAT
apyi,CCWGG
apypi,ATCGAC
aqui,CYCGRG
aquii,GCCGNAC
aquiii,GAGGAG
aquiv,GRGGAAG
arsi,GACNNNNNNTTYG
arsi,CRAANNNNNNGTC
asci,GGCGCGCC
asei,ATTAAT
aseii,CCSGG
asii,GGATCC
asi256i,GATC
asi372i,ATGCAT
asiai,ACCGGT
asigi,ACCGGT
asisi,GCGATCGC
asl11923ii,GGGABCC
asni,ATTAAT
aspi,GACNNNGTC
asp1i,CCSGG
asp14i,ATCGAT
asp15i,CTCGAG
asp17i,RGATCY
asp22i,RGATCY
asp36i,CTGCAG
asp37i,ATCGAT
asp47i,CTCGAG
asp52i,AAGCTT
asp78i,AGGCCT
asp86i,ATCGAT
asp90i,ACRYGT
asp103i,CGRAGGC
asp123i,ATCGAT
asp130i,ATCGAT
asp337i,CARABGG
asp697i,GGWCC
asp700i,GAANNNNTTC
asp703i,CTCGAG
asp707i,ATCGAT
asp708i,CTGCAG
asp713i,CTGCAG
asp718i,GGTACC
asp742i,GGCC
asp745i,GGWCC
asp748i,CCGG
asp763i,AGTACT
asp3065i,AAGCTT
aspai,GGTNACC
aspa2i,CCTAGG
aspbi,CYCGRG
aspbii,GGWCC
aspbhi,YSCNS
aspbhii,RGGWCCY
aspcni,GCCGC
aspdi,CYCGRG
aspdii,GGWCC
aspdut2v,GNGCAAC
aspei,GACNNNNNGTC
asphi,GWGCWC
asp1hi,RGATCY
asp2hi,CCWGG
asp5hi,GCATGC
asp6hi,RGATCY
asp8hi,RGATCY
asp10hi,TTCGAA
asp10hii,CCANNNNNTGG
asp14hi,RGATCY
asp16hi,GTAC
asp17hi,GTAC
asp18hi,GTAC
asp21hi,RGATCY
asp26hi,GAATGC
asp27hi,GAATGC
asp29hi,GTAC
asp32hi,CCGCGG
asp35hi,GAATGC
asp36hi,GAATGC
asp40hi,GAATGC
asp50hi,GAATGC
aspji,GACGTC
aspjhl3ii,CGCCCAG
asplei,GCGC
aspmi,AGGCCT
aspmdi,GATC
aspni,GGNNCC
aspnih4iii,AAGAACB
asps9i,GGNCC
aspslv7iii,GTCTCA
aspti,CTGCAG
asptii,GGATCC
asptiii,GGCC
asptb23i,GCWGC
asp114pii,AGCABCC
assi,AGTACT
astwi,GRCGYC
asui,GGNCC
asuii,TTCGAA
asuiii,GRCGYC
asu14238iv,CGTRAC
asuc2i,CCSGG
asuhpi,GGTGA
asumbi,GATC
asunhi,GCTAGC
asusai,CCTNAGG
atei,CCATGG
ateti,GGGRAG
atsi,GACNNNGTC
atuii,CCWGG
atu1i,CCWGG
atu1ii,GGATCC
atubi,CCWGG
atusi,TGATCA
avai,CYCGRG
avaii,GGWCC
avaiii,ATGCAT
ava458i,YGGCCR
avci,GGNCC
avii,TTCGAA
aviii,TGCGCA
avoi,RCATGY
avri,CYCGRG
avrii,CCTAGG
avrbi,GGCC
avrbii,CCTAGG
awo1030iv,GCCRAG
axyi,CCTNAGG
baci,CCGCGG
bac36i,GGNCC
bac465i,CCGCGG
badi,CTCGAG
baei,ACNNNNGTAYC
baei,GRTACNNNNGT
baegi,GKGCMC
bag18758i,CCCGAG
bali,TGGCCA
bal228i,GGNCC
bal475i,GGCC
bal3006i,GGCC
bamfi,GGATCC
bamgi,CAGCTG
bamhi,GGATCC
bamki,GGATCC
bamni,GGATCC
bamnii,GGWCC
bani,GGYRCC
banii,GRGCYC
baniii,ATCGAT
ban4602i,GACGAG
banai,GGCC
banli,RTCAGG
bari,GAAGNNNNNNTAC
bari,GTANNNNNNCTTC
basi,CCANNNNNTGG
baui,CACGAG
bau1417v,GTTCAG
bau1419ii,ACRGAG
bavi,CAGCTG
bavai,CAGCTG
bavaii,GGNCC
bavbi,CAGCTG
bavbii,GGNCC
bavci,ATCGAT
bazi,ATCGAT
bba179i,WCCGGW
bbei,GGCGCC
bbeai,GGCGCC
bbfi,CTCGAG
bbf7411i,TCCGGA
bbii,CTGCAG
bbiii,GRCGYC
bbiiii,CTCGAG
bbi24i,ACGCGT
bbidi,C
bbri,AAGCTT
bbr02i,GATC
bbr7i,GAAGAC
bbr09i,RGATCY
bbr11i,GGRCAG
bbr51i,GGCGAG
bbr52i,RGATCY
bbr52ii,GGCGAG
bbr57ii,GAGGAC
bbr57iii,GTRAAYG
bbr215i,GGCGAG
bbr215ii,GAGGAC
bbr7017ii,CGGGAG
bbr7017iii,GGRCAG
bbrai,AAGCTT
bbrpi,CACGTG
r1.bbrui,GGCGCC
bbruii,GTCGAC
bbruiii,CTGCAG
bbsi,GAAGAC
bbti,GCGC
bbui,GCATGC
bbub31i,GNAAYG
bbub31ii,CGRKA
bbunrzi,CGRKA
bbvi,GCAGC
bbvii,GAAGAC
bbv12i,GWGCWC
bbv16ii,GAAGAC
bbvai,GAANNNNTTC
bbvaii,ATCGAT
bbvaiii,TCCGGA
bbvbi,GGYRCC
bbvci,CCTCAGC
bcai,GCGC
bca77i,WCCGGW
bca1259i,GGATCC
bcci,CCATC
bce4i,GCNNNNNNNGC
bce22i,GGNCC
bce71i,GGCC
bce83i,CTTGAG
bce95i,GCNGC
bce170i,CTGCAG
bce243i,GATC
bce751i,GGATCC
bce1247i,GCNNNNNNNGC
bce1273i,GCNGC
bce3081i,TAGGAG
bce14579i,GCWGC
bce31293i,CGCG
bceai,ACGGC
bcebi,CGCG
bceci,GCNNNNNNNGC
bcedi,TGATCA
bceli,GCNGC
bceri,CGCG
bcesii,GGWCC
bcesiii,ACGGC
bcesiv,GCAGC
bcesiv,GCTGC
bceyi,GCNGC
bcefi,ACGGC
bcgi,CGANNNNNNTGC
bcgi,GCANNNNNNTCG
bchi,GCAGC
bci29i,ATCGAT
bci528i,GAATTC
bcibi,ATCGAT
bcibii,CCWGG
bcit130i,CCWGG
bcivi,GTATCC
bcli,TGATCA
bcmi,ATCGAT
bcni,CCSGG
bcoi,CYCGRG
bco5i,CTCTTC
bco6i,TGCGCA
bco27i,CCGG
bco33i,GGCC
bco35i,CTGGAG
bco63i,GATNNNNATC
bco79i,ATCGAT
bco102i,TGATCA
bco102ii,GAAGAC
bco116i,CTCTTC
bco118i,RCCGGY
bco163i,CTRYAG
bco631i,GATNNNNATC
bco10278i,GGATCC
bcoai,CACGTG
bcodi,GTCTC
bcoki,CTCTTC
bcosi,CTCTTC
bcri,GGNNCC
bcrai,CTCTTC
bcti,ACGGC
bcui,ACTAGT
bcuai,GGWCC
bdai,TGANNNNNNTCANNNNNNNNNNNN
bdai,TGANNNNNNTCANNNNNNNNNNNN
bdii,ATCGAT
bdisi,CTRYAG
becaii,GGCC
bepi,CGCG
beti,WCCGGW
bfai,CTAG
bfasii,GANGGAG
bfii,ACTGGG
bfi57i,GATC
bfi89i,YGGCCR
bfi105i,GGNCC
bfi458i,GGCC
bfishi,GATC
bfli,CCNNNNNNNGG
bfmi,CTRYAG
bfoi,RGCGCY
bfri,CTTAAG
bfrai,ATCGAT
bfrbi,ATGCAT
bfrci,ATGCAT
bfui,GTATCC
bfu1570i,GWGCWC
bfuai,ACCTGC
bfuaii,GCATGC
bfuci,GATC
bgii,GACNNNGTC
bgli,GCCNNNNNGGC
bglii,AGATCT
bgl2196iv,GGAGGC
bhai,GCATC
bhaii,GGCC
bhei,GCCGGC
bimi,TTCGAA
bim19i,TTCGAA
bim19ii,GGCC
bini,GGATC
binsi,CCWGG
binsii,GGCGCC
bisi,GCNGC
bka1125i,GDGCHC
bkram31di,RTTAAATM
bla7920i,TCCGGA
ble401ii,GRAGCAG
ble402ii,GRAGCAG
blfi,TCCGGA
blii,GGCC
bli41i,ATCGAT
bli49i,GGTCTC
bli86i,ATCGAT
bli161i,GGTCTC
bli576i,ATCGAT
bli576ii,GGTCTC
bli585i,ATCGAT
bli643i,CCTNAGG
bli736i,GGTCTC
bli1904ii,GCNGC
bli5508i,GGTCTC
bliai,ATCGAT
blihki,CCTNAGG
bliri,ATCGAT
blni,CCTAGG
blo11817i,GAGGAC
blo11818i,GAGGAC
bloaii,GAGGAC
blohi,RGATCY
blohii,CTGCAG
blohiii,CTGCAG
blomgi,CCGCGG
blpi,GCTNAGC
blsi,GCNGC
blui,CTCGAG
bluii,GGCC
bmai,CGATCG
bmaai,CGATCG
bmabi,CGATCG
bmaci,CGATCG
bmadi,CGATCG
bmahi,GAATGC
bmcai,AGTACT
bme05i,GGYRCC
bme12i,GATC
bme18i,GGWCC
bme46i,GGCC
bme74i,GGCC
bme142i,RGCGCY
bme216i,GGWCC
bme361i,GGCC
bme585i,CCCGC
bme1390i,CCNGG
bme1580i,GKGCMC
bme2095i,CCWGG
bme2494i,GATC
bmebi,CTGCAG
bmedi,C
bmeri,GACNNNNNGTC
bmeti,TGATCA
bmet110i,CYCGRG
bmeu1594i,GGCC
bmgi,GKGCCC
bmgai,GKGCMC
bmgbi,CACGTC
bmgt120i,GGNCC
bmii,GGNNCC
bmpi,GGWCC
bmri,ACTGGG
bmrfi,CCNGG
bmsi,GCATC
bmti,GCTAGC
bmui,ACTGGG
bmyi,GDGCHC
bnai,GGATCC
bnii,GCNNGC
boxi,GACNNNNGTC
bpa34i,AGTACT
bpa36i,GGCC
bpa36ii,CTNAG
bpci,CTRYAG
bpei,AAGCTT
bpeh640i,AAGCTT
bpii,GAAGAC
bpli,GAGNNNNNCTCNNNNNNNNNNNNN
bpli,GAGNNNNNCTCNNNNNNNNNNNNN
bpmi,CTGGAG
bpoai,ATTAAT
bpsi,GGNCC
bpsii,ATCGAT
bpti,CCWGG
bpui,GRGCYC
bpu10i,CCTNAGC
bpu14i,TTCGAA
bpu86i,GCCNNNNNGGC
bpu95i,CGCG
bpu1102i,GCTNAGC
bpu1268i,CCTNNNNNAGG
bpu1811i,GCNGC
bpu1831i,TACGTA
bpuai,GAAGAC
bpuami,GAGCTC
bpub5i,CGTACG
bpuci,GGCGGA
bpudi,CCTNAGC
bpuei,CTTGAG
bpufi,GGATC
bpugi,RGATCY
bpugci,GCTNAGC
bpuhi,TTCGAA
bpuji,CCCGT
bpumi,CCSGG
bpuni,GGGAC
bpusi,GGGAC
bpvui,CGATCG
bsai,GGTCTC
bsa29i,ATCGAT
bsaai,YACGTR
bsabi,GATNNNNATC
bsaci,CCNGG
bsadi,GGATCC
bsaei,GGNNCC
bsafi,CTTAAG
bsagi,GWGCWC
bsahi,GRCGYC
bsaji,CCNNGG
bsaki,GTTAAC
bsali,AGCT
bsami,GAATGC
bsani,CCWGG
bsanii,CTGCAG
bsaoi,CGRYCG
bsapi,GATC
bsaqi,CTGCAG
bsari,GGCC
bsasi,GGNCC
bsati,TGCGCA
bsaui,GCAGC
bsavi,GAAGAC
bsawi,WCCGGW
bsaxi,ACNNNNNCTCC
bsaxi,GGAGNNNNNGT
bsazi,CCGG
bsbi,CAACAC
bsci,ATCGAT
bsc4i,CCNNNNNNNGG
bsc91i,GAAGAC
bsc107i,CCNNNNNNNGG
bsc217i,GATATC
bscai,GCATC
bscbi,GGNNCC
bscci,GAATGC
bscdi,CTGCAG
bscei,GCGCGC
bscfi,GATC
bscgi,CCCGT
bschi,ACTGG
bscji,CCANNNNNNTGG
bscki,GAAGAC
bscli,CTTAAG
bscmi,GRGCYC
bscni,CGRYCG
bscoi,GCATGC
bscpi,CTNAG
bscqi,GGCC
bscqii,GTCTC
bscri,RCCGGY
bscsi,RGATCY
bscti,CCGCGG
bscui,GCATC
bscwi,GGGAC
bscxi,GCAGGC
bscxii,GATC
bsei,GGCC
bseii,GTTAAC
bse1i,ACTGG
bse8i,GATNNNNATC
bse9i,GGCC
bse15i,CYCGRG
bse16i,CCWGG
bse17i,CCWGG
bse19i,CCATGG
bse21i,CCTNAGG
bse23i,CCNNNNNNNGG
bse24i,CCWGG
bse54i,GGNCC
bse59i,GGTNACC
bse64i,GGTNACC
bse118i,RCCGGY
bse126i,GGCC
bse631i,GATNNNNATC
bse634i,RCCGGY
bseai,TCCGGA
bsebi,CCWGG
bseb631i,GCCNNNNNGGC
bseb631ii,AGATCT
bseci,ATCGAT
bsedi,CCNNGG
bse3di,GCAATG
bsegi,GGATG
bseg73i,CCTNAGG
bsehi,AAGCTT
bseji,GATNNNNATC
bseki,GCAGC
bseli,CCNNNNNNNGG
bsemi,GCAATG
bsemii,CTCAG
bseni,ACTGG
bsepi,GCGCGC
bseqi,GGCC
bseri,GAGGAG
bsesi,GKGCMC
bset9i,GGTNACC
bset10i,GGTNACC
bsexi,GCAGC
bsex3i,CGGCCG
bseyi,CCCAGC
bsezi,CTCTTC
bsgi,GTGCAG
bshi,GGCC
bsh45i,GWGCWC
bsh1236i,CGCG
bsh1285i,CGRYCG
bsh1365i,GATNNNNATC
bshai,GGCC
bsh108ai,ATCGAT
bshbi,GGCC
bshci,GGCC
bshdi,GGCC
bshei,GGCC
bshfi,GGCC
bshgi,CCWGG
bshhi,AGTACT
bshki,GGNCC
bshli,GATATC
bshmi,CCGG
bshni,GGYRCC
bshti,ACCGGT
bshvi,ATCGAT
bsii,CACGAG
bsiai,GGCC
bsibi,GATNNNNATC
bsici,TTCGAA
bsidi,GGCC
bsiei,CGRYCG
bsigi,TCCGGA
bsihi,GGCC
bsihkai,GWGCWC
bsihkci,CYCGRG
bsiki,GGTNACC
bsili,CCWGG
bsimi,TCCGGA
bsioi,TCCGGA
bsiqi,TGATCA
bsisi,CCGG
bsiui,CCWGG
bsivi,CCWGG
bsiwi,CGTACG
bsixi,ATCGAT
bsiyi,CCNNNNNNNGG
bsizi,GGNCC
bsli,CCNNNNNNNGG
bslfi,GGGAC
bsmi,GAATGC
bsm6i,GWGCWC
bsmai,GTCTC
bsmbi,CGTCTC
bsmci,ACNNNNNCTCC
bsmdi,ACNNNNNCTCC
bsmei,GAGTC
bsmfi,GGGAC
bsmgi,TGTACA
bsmgii,AAGCTT
bsmhi,RGCGCY
bsmni,GCATC
bsmpi,GWGCWC
bsmri,TGTACA
bsmsi,CCWWGG
bsmwi,CGTACG
bsmxi,ACNNNNNCTCC
bsmxii,GATC
bsmyi,CCNNNNNNNGG
bsni,GGCC
bsoi,CCNGG
bso31i,GGTCTC
bsoai,GATATC
bsobi,CYCGRG
bsoci,GDGCHC
bsodi,CGGCCG
bsoei,CCTNNNNNAGG
bsofi,GCNGC
bsogi,CCWGG
bsohi,ACTGG
bsoji,GCCNNNNNGGC
bsoki,CCNNGG
bsomai,GTCTC
bsopi,GCGCGC
bsosi,AGTACT
bspi,GATC
bsp2i,ATCGAT
bsp4i,ATCGAT
bsp5i,CCGG
bsp6i,GCNGC
bsp6ii,CTGAAG
bsp7i,CCSGG
bsp8i,CCSGG
bsp9i,GATC
bsp12i,CCGCGG
bsp13i,TCCGGA
bsp16i,GATATC
bsp17i,CTGCAG
bsp18i,GATC
bsp19i,CCATGG
bsp21i,RCCGGY
bsp22i,CTGGAG
bsp23i,GGCC
bsp24i,GACNNNNNNTGG
bsp24i,CCANNNNNNGTC
bsp28i,CTGGAG
bsp29i,GGNNCC
bsp30i,GGATCC
bsp43i,CTGCAG
bsp44i,CCWGG
bsp44ii,GGCC
bsp46i,GGATCC
bsp47i,CCGG
bsp48i,CCGG
bsp49i,GATC
bsp50i,CGCG
bsp51i,GATC
bsp52i,GATC
bsp53i,CCNGG
bsp54i,GATC
bsp55i,CCSGG
bsp56i,CCWGG
bsp57i,GATC
bsp58i,GATC
bsp59i,GATC
bsp60i,GATC
bsp61i,GATC
bsp63i,CTGCAG
bsp64i,GATC
bsp65i,GATC
bsp66i,GATC
bsp67i,GATC
bsp68i,TCGCGA
bsp70i,CGCG
bsp71i,GGWCC
bsp72i,GATC
bsp73i,CCNGG
bsp74i,GATC
bsp76i,GATC
bsp78i,CTGCAG
bsp81i,CTGCAG
bsp82i,TTCGAA
bsp84i,ATCGAT
bsp87i,CACGTG
bsp90i,TTCGAA
bsp90ii,GGATCC
bsp91i,GATC
bsp92i,CTCGAG
bsp93i,CTGCAG
bsp98i,GGATCC
bsp100i,GGWCC
bsp101i,TTCGAA
bsp102i,TTCGAA
bsp103i,CCWGG
bsp104i,TTCGAA
bsp105i,GATC
bsp106i,ATCGAT
bsp107i,CTGCAG
bsp108i,CTGCAG
bsp116i,CCGG
bsp117i,GRGCYC
bsp119i,TTCGAA
bsp120i,GGGCCC
bsp121i,GCATGC
bsp122i,GATC
bsp123i,CGCG
bsp125i,ATCGAT
bsp126i,ATCGAT
bsp127i,ATCGAT
bsp128i,GGWCC
bsp129i,CTCGAG
bsp130i,GGATCC
bsp131i,GGATCC
bsp132i,GGWCC
bsp133i,GGWCC
bsp135i,GATC
bsp136i,GATC
bsp137i,GGCC
bsp138i,GATC
bsp139i,CTCGAG
bsp140i,CTCGAG
bsp141i,CTCGAG
bsp142i,CTCGAG
bsp143i,GATC
bsp143ii,RGCGCY
bsp144i,GGATCC
bsp145i,ATCGAT
bsp146i,GTGCAC
bsp147i,GATC
bsp148i,TTCGAA
bsp151i,TTCGAA
bsp211i,GGCC
bsp226i,GGCC
bsp228i,TCCGGA
bsp233i,TCCGGA
bsp241i,TTCGAA
bsp268i,CTGCAG
bsp317i,CCWGG
bsp423i,GCAGC
bsp460iii,CGCGCAG
bsp508i,TCCGGA
bsp519i,GRGCYC
bsp548i,CCNGG
bsp881i,GGCC
bsp1260i,GGWCC
bsp1261i,GGCC
bsp1286i,GDGCHC
bsp1407i,TGTACA
bsp1591i,GGTNACC
bsp1591ii,CCGG
bsp1593i,GGCC
bsp1720i,GCTNAGC
bsp1894i,GGNCC
bsp2013i,GGCC
bsp2095i,GATC
bsp2362i,GGCC
bsp2500i,GGCC
bsp3004iv,CCGCAT
bsp4009i,GGATCC
bspai,GATC
bspa2i,CCTAGG
bsp153ai,CAGCTG
bspaai,CTCGAG
bspaaii,TCTAGA
bspaaiii,GGATCC
bspaci,CCGC
bspani,GGCC
bspbi,CTGCAG
bspbii,GGNCC
bspbdg2i,GGCC
bspbri,GGCC
bspbs31i,GAAGAC
bspbse18i,GGCC
bspbake1i,GGCC
bspci,CGATCG
bspche15i,GGCC
bspcni,CTCAG
bspdi,ATCGAT
bspd6i,GAGTC
bspd6ii,CTGAAG
bspei,TCCGGA
bspfi,GATC
bspf4i,GGNCC
bspf53i,GGWCC
bspf105i,CCSGG
bspfni,CGCG
bspgi,CTGGAC
bspgha1i,GGCC
bsphi,TCATGA
bsph22i,TTCGAA
bsph43i,CCWGG
bsph103i,TTCGAA
bsph106i,TTCGAA
bsph106ii,GGCC
bsph226i,TCCGGA
bspis4i,GAAGAC
bspji,GATC
bspjii,ATCGAT
bspj64i,GATC
bspj67i,CCSGG
bspj74i,CTGGAG
bspj76i,CGCG
bspj105i,GGWCC
bspj106i,GGTACC
bspki,GGCC
bspkmi,GATC
bspkt5i,CTGAAG
bspkt6i,GATC
bspkt8i,AAGCTT
bspli,GGNNCC
bsplai,GCGC
bsplaii,TTCGAA
bsplaiii,AAGCTT
bsplri,GGCC
bspls2i,GDGCHC
bsplu4i,CYCGRG
bsplu11i,ACATGT
bsplu11ii,TCTAGA
bsplu11iii,GGGAC
bspmi,ACCTGC
bspmii,TCCGGA
bspm39i,CAGCTG
bspm90i,GTATAC
bspmai,CTGCAG
bspmki,GTCGAC
bspni,CCWGG
bspnci,CCAGA
bspoi,GCTAGC
bspo4i,CAGCTG
bspovi,GACNNNNNGTC
bspovii,ATCGAT
bsppi,GGATC
bspqi,GCTCTTC
bspri,GGCC
bspr7i,CCTNAGG
bspsi,CCWGG
bsps122i,CTGCAG
bspst5i,GCATC
bspti,CTTAAG
bspt104i,TTCGAA
bspt107i,GGYRCC
bsptni,GGTCTC
bspts514i,GAAGAC
bspui,GCSGC
bspvi,GAAGAC
bspwi,GCNNNNNNNGC
bspxi,ATCGAT
bspxii,TGATCA
bspzei,ATCGAT
bsri,ACTGG
bsrai,GGWCC
bsrbi,CCGCTC
bsrbri,GATNNNNATC
bsrci,ATCGAT
bsrdi,GCAATG
bsrei,CTCTTC
bsrfi,RCCGGY
bsrgi,TGTACA
bsrhi,GCGCGC
bsrmi,GATC
bsrpii,GATC
bsrsi,ACTGG
bsrvi,GCAGC
bsrwi,GGATC
bsrxi,TCTAGA
bssi,GGNNCC
bssai,RCCGGY
bssbi,GCGCGC
bssci,GGCC
bsseci,CCNNGG
bssfi,GCNGC
bssgi,CCANNNNNNTGG
bssgii,GATC
bsshi,CTCGAG
bsshii,GCGCGC
bssimi,GGGTC
bsski,CCNGG
bssmi,GATC
bssni,GRCGYC
bssnai,GTATAC
bsssi,CACGAG
bsst1i,CCWWGG
bssxi,GCNGC
bsti,GGATCC
bst1i,CCWGG
bst2i,CCWGG
bst6i,CTCTTC
bst11i,ACTGG
bst12i,GCAGC
bst16i,RGCGCY
bst19i,GCATC
bst19ii,GATC
bst22i,CCNNNNNNNGG
bst28i,ATCGAT
bst29i,CCTNAGG
bst30i,CCTNAGG
bst31i,GGTNACC
bst38i,CCWGG
bst40i,CCGG
bst71i,GCAGC
bst77i,TGATCA
bst98i,CTTAAG
bst100i,CCWGG
bst158i,CTCTTC
bst170i,TGTACA
bst170ii,AAGCTT
bst224i,CCWWGG
bst295i,CTNAG
bst1107i,GTATAC
bst1126i,GGATCC
bst1274i,GATC
bst1473i,WCCGGW
bst1473ii,RGCGCY
bst2464i,GGATCC
bst2902i,GGATCC
bstaci,GRCGYC
bstafi,CTTAAG
bstapi,GCANNNNNTGC
bstaui,TGTACA
bstbi,TTCGAA
bst2bi,CACGAG
bstbai,YACGTR
bstbaii,CYCGRG
bstbsi,GTATAC
bstb7si,RCCGGY
bstbs32i,GAAGAC
bstbz153i,GCGCGC
bstci,GGCC
bst4ci,ACNGT
bstc8i,GCNNGC
bstdi,GGTNACC
bstd102i,CCGCTC
bstdei,CTNAG
bstdsi,CCRYGG
bstdz247i,CCCGT
bsteii,GGTNACC
bsteiii,GATC
bsteni,CCTNNNNNAGG
bstenii,GATC
bstez359i,GTTAAC
bstfi,AAGCTT
bstf5i,GGATG
bst1fbi,GDGCHC
bstfni,CGCG
bstfz438i,CCCGC
bstgi,TGATCA
bstgii,CCWGG
bstgz53i,CGTCTC
bsthi,CTCGAG
bsth2i,RGCGCY
bsth9i,GGATC
bsthhi,GCGC
bsthpi,GTTAAC
bsthz55i,CCANNNNNNTGG
bstiz316i,CACNNNGTG
bstji,GGCC
bstjz301i,CTNAG
bstki,TGATCA
bstkti,GATC
bstli,CTCGAG
bstlvi,ATCGAT
bstmi,AGTACT
bstm6i,CCWGG
bstmai,GTCTC
bstmbi,GATC
bstmci,CGRYCG
bstmwi,GCNNNNNNNGC
bstmz611i,CCNGG
bstni,CCWGG
bst31ni,CCGCTC
bstnsi,RCATGY
bstnsii,CYCGRG
bstnz169i,ATCGAT
bstoi,CCWGG
bstoz616i,GGGAC
bstpi,GGTNACC
bstpai,GACNNNNGTC
bstpz740i,CTTAAG
bstqi,GGATCC
bst4qi,GGWCC
bst7qi,CYCGRG
bst7qii,CCWGG
bstri,GATATC
bstrz246i,ATTTAAAT
bstsi,CYCGRG
bstsci,CCNGG
bstsfi,CTRYAG
bstsli,GKGCMC
bstsni,TACGTA
bstswi,ATTTAAAT
bstti,CCANNNNNNTGG
bstt7i,TGATCA
bstt9i,GGTNACC
bstt10i,GGTNACC
bst31ti,GGATC
bstts5i,GAAGAC
bstui,CGCG
bst2ui,CCWGG
bstvi,CTCGAG
bstv1i,GCAGC
bstv2i,GAAGAC
bstwi,CCTNNNNNAGG
bstxi,CCANNNNNNTGG
bstxii,GATC
bstx2i,RGATCY
bstyi,RGATCY
bstzi,CGGCCG
bstz1i,TCCGGA
bstz1ii,AAGCTT
bstz2i,GACNNNNNGTC
bstz3i,TCCGGA
bstz4i,CYCGRG
bstz5i,CGRYCG
bstz6i,CCTNAGG
bstz7i,GRGCYC
bstz8i,CGATCG
bstz9i,ACGCGT
bstz10i,CCNNGG
bstz10ii,TGATCA
bstz15i,GDGCHC
bstz16i,GTCGAC
bstz17i,GTATAC
bsui,GTATCC
bsu6i,CTCTTC
bsu15i,ATCGAT
bsu22i,TCCGGA
bsu23i,TCCGGA
bsu36i,CCTNAGG
bsu54i,GGNCC
bsu90i,GGATCC
bsu537i,GGTCTC
bsu1076i,GGCC
bsu1114i,GGCC
bsu1192i,CCGG
bsu1192ii,CGCG
bsu1193i,CGCG
bsu1532i,CGCG
bsu1854i,GRGCYC
bsu3610i,GACGAG
bsu5044i,GGNCC
bsu6633i,CGCG
bsu7003i,GACGAG
bsu8565i,GGATCC
bsu8646i,GGATCC
bsubi,CTGCAG
bsub519i,GGATCC
bsub763i,GGATCC
bsueii,CGCG
bsufi,CCGG
bsujpci,GACGAG
bsumi,CTCGAG
r1.bsumi,CTCGAG
r2.bsumi,CTCGAG
r3.bsumi,CTCGAG
bsupy79i,GACGAG
bsuri,GGCC
bsutui,ATCGAT
bsxi,ACTGGG
btci,GATC
btei,GGCC
btgi,CCRYGG
btgai,GTCGAC
btgaii,GCATGC
btgzi,GCGATG
bthi,CTCGAG
bthii,GGATC
bth84i,GATC
bth171i,GCNGC
bth211i,GATC
bth213i,GATC
bth221i,GATC
bth571i,GCAGT
bth617i,GGATC
bth945i,GATC
bth1140i,GATC
bth1141i,GATC
bth1202i,ATCGAT
bth1786i,GATC
bth1795i,CTGGAG
bth1997i,GATC
bth2350i,CAGCTG
bth9411i,CTGCAG
bth9415i,ATCGAT
bthai,GGWCC
bthci,GCNGC
bthcani,GATC
bthdi,CCWGG
bthei,CCWGG
bthp35i,CTRYAG
btii,GGWCC
btki,CGCG
btkii,GATC
btri,CACGTC
btsi,GCAGTG
btsimuti,CAGTG
btsci,GGATG
btspi,GGGTC
btui,ATCGAT
btu33i,GATC
btu34i,GATC
btu34ii,RGCGCY
btu36i,GATC
btu37i,GATC
btu39i,GATC
btu41i,GATC
btumi,TCGCGA
bvei,ACCTGC
bve1b23i,GACNNNNNTGG
bvui,GRGCYC
bvubi,CGTACG
caci,GATC
cac8i,GCNNGC
cac824i,GCNGC
cagi,GCCNNNNNGGC
caii,CAGNNNCTG
cal5972i,ACGRAG
cal14237i,GGTTAG
calb3ii,GRTTRAG
cas2i,CGATCG
cathi,CTCTTC
caui,GGWCC
cauii,CCSGG
cauiii,CTGCAG
caub3i,TCCGGA
cba13ii,AGGAAT
cba16038i,CCTNAYNC
cba4g11iii,CACGAG
cbei,GGCC
cbii,TTCGAA
cboi,CCGG
cbo1632i,GCRGAAG
cbo67071iv,GCRGAAG
cbob305ii,CTGGAG
cbri,CCWGG
cbudi,GCNGC
ccap7iv,GATAAT
ccap7v,CRAAAAR
ccei,CCGG
cce743i,GACGC
cce743ii,CCWGG
cchi,CTAG
cchii,GGARGA
cchiii,CCCAAG
cch467iii,GNGAAAY
cch7528iii,GNGAAAY
ccii,TCATGA
ccini,GCGGCCGC
ccoi,GCCGGC
cco280iii,GAGNNNNNRTG
cco280iv,GGGTDA
cco9557iv,CAAGAA
cco9557v,GGGTDA
cco14983iii,GAGNNNNNRTG
cco14983v,GGGTDA
cco14983vi,GCYGA
cco54106iii,GAGNNNNNRTG
cco104627ii,GGGTDA
ccoli,GATC
ccomi,CAGCAG
ccop13iii,CAYNNNNNRTG
ccop31i,GATC
ccop73i,GTAC
ccop76i,GATC
ccop84i,GATC
ccop95i,GCGC
ccop95ii,GATC
ccop215i,GCNGC
ccop216i,GCNGC
ccop219i,GATC
ccri,CTCGAG
ccrnaiii,CGACCAG
ccui,GGNCC
ccyi,GATC
cdii,CATCG
cdi27i,CCWGG
cdi81iii,GCMGAAG
cdi197ii,GCGGAG
cdi1678i,GCGGAG
cdi7838ii,GCGGAG
cdi11397i,GCGCAG
cdiai,GGNCC
cdicd6i,GGNCC
cdicd6ii,GATC
cdpi,GCGGAG
cdu23823ii,GTGAAG
celi,GGATCC
celii,GCTNAGC
ceqi,GATATC
cfai,RAATTY
cfli,CTGCAG
cfoi,GCGC
cfri,YGGCCR
cfr4i,GGNCC
cfr5i,CCWGG
cfr6i,CAGCTG
cfr7i,GGTNACC
cfr8i,GGNCC
cfr9i,CCCGGG
cfr10i,RCCGGY
cfr11i,CCWGG
cfr13i,GGNCC
cfr14i,YGGCCR
cfr19i,GGTNACC
cfr20i,CCWGG
cfr22i,CCWGG
cfr23i,GGNCC
cfr24i,CCWGG
cfr25i,CCWGG
cfr27i,CCWGG
cfr28i,CCWGG
cfr29i,CCWGG
cfr30i,CCWGG
cfr31i,CCWGG
cfr32i,AAGCTT
cfr33i,GGNCC
cfr35i,CCWGG
cfr37i,CCGCGG
cfr38i,YGGCCR
cfr39i,YGGCCR
cfr40i,YGGCCR
cfr41i,CCGCGG
cfr42i,CCGCGG
cfr43i,CCGCGG
cfr45i,GGNCC
cfr45ii,CCGCGG
cfr46i,GGNCC
cfr47i,GGNCC
cfr48i,GRGCYC
cfr51i,CGATCG
cfr52i,GGNCC
cfr54i,GGNCC
cfr55i,YGGCCR
cfr56i,GGTCTC
cfr57i,TCCGGA
cfr58i,CCWGG
cfr59i,YGGCCR
cfr92i,CTTAAG
cfra4i,CTGCAG
cfrbi,CCWWGG
cfrci,C
cfrj4i,CCCGGG
cfrj5i,GCGCGC
cfrmh13ii,AGCANCC
cfrmh15iv,GACATC
cfrmh16vi,CTAAAG
cfrni,GGNCC
cfrs37i,CCWGG
cfui,GATC
cfuii,CTGCAG
cfupf3ii,GARCAG
cgli,GCSGC
cgl13032i,GGCGCA
cgl13032ii,ACGABGG
cglai,GCATGC
cglaii,GTCGAC
chai,GATC
chuei,AAGCTT
chueii,GTYRAC
chyi,AGGCCT
cin1467i,GATC
cjai,CTCGAG
cjei,CCANNNNNNGT
cjei,ACNNNNNNTGG
cje262iii,CCYGA
cje263ii,CCYGA
cje263iii,GKAAYG
cje263iv,GAGNNNNNGT
cje265ii,CCANNNNNNGT
cje265v,GKAAGC
cje10983iii,GKAAYG
cje10983iv,CCYGA
cje10983v,CAANNNNNNNTGG
cje12109iv,GAGNNNNNRTG
cje12109v,GKAAGC
cje12109vi,CTRGAG
cje13261iii,GKAAGC
cje32488ii,GKAAGC
cje54107iii,GKAAYC
cje11168dii,GAGNNNNNGT
cje11168div,GKAAYG
cje11168dv,CCYGA
cjefiii,GCAAGG
cjefv,GGRCA
cjef38011iii,GAGNNNNNRTG
cjef38011iv,GKAAYC
cjeiaiii,GAGNNNNNRTG
cjenii,GAGNNNNNGT
cjeniii,GKAAYG
cjenv,CCYGA
cjepi,CCANNNNNNNTC
cjepi,GANNNNNNNTGG
cjep338i,GATC
cjep338ii,GCATC
cjep659iv,CACNNNNNNNGAA
cjeyh002ii,CCYGA
cjeyh002iii,GKAAYG
cjeyh002iv,GAGNNNNNGT
cjui,CAYNNNNNRTG
cjuii,CAYNNNNNCTC
cku11138ii,CATCAG
clai,ATCGAT
cla11845iii,GCGAA
clci,CTGCAG
clcii,TGCGCA
clii,GGWCC
cliii,TGCGCA
clmi,GGCC
clmii,GGWCC
clti,GGCC
cly7489ii,AAAAGRG
cmalm2ii,GCNGC
cpa1150i,CGCG
cpaai,CGCG
cpapi,GATC
cpei,TGATCA
cpe2837iii,GRNACAYT
cpe13170ii,GTTGNAG
cpfi,GATC
cpfai,GATC
cphbi,CCCGGG
cpoi,CGGWCCG
cprjk722i,ATTAAT
cre7908i,GCGGGA
csci,CCGCGG
csei,GACGC
csii,ACCWGGT
csiai,ACCGGT
csibi,GCGGCCGC
cspi,CGGWCCG
csp2i,GGCC
csp4i,ATCGAT
csp5i,GATC
csp6i,GTAC
csp45i,TTCGAA
csp231i,AAGCTT
csp1470i,GCGC
csp2014i,GGAGGC
cspai,ACCGGT
cspbi,GCGGCCGC
cspci,CAANNNNNGTGG
cspci,CCACNNNNNTTG
csp68ki,GGWCC
csp68kii,TTCGAA
csp68kiii,ATGCAT
csp68kvi,CGCG
csti,CTGCAG
cstmi,AAGGAG
cte1i,CCGCGG
cte1179i,GATC
cte1180i,GATC
cthi,TGATCA
cthii,CCWGG
ctyi,GATC
cul7910i,GCGGGA
cul8639i,GCGGGA
cviai,GATC
cviaii,CATG
cvibi,GANTC
cvici,GANTC
cvidi,GANTC
cviei,GANTC
cvifi,GANTC
cvigi,GANTC
cvihi,GATC
cviji,RGCY
cviki-1,RGCY
cviki,RGCY
cvili,RGCY
cvimi,RGCY
cvini,RGCY
cvioi,RGCY
cviqi,GTAC
cviri,TGCA
cvirii,GTAC
cvisiii,TCGA
cvni,CCTNAGG
daqi,GTGCAC
ddei,CTNAG
ddeii,CTCGAG
dde51507i,CCWGG
ddsi,GGATCC
dfapa1iii,TACGAG
dini,GGCGCC
dmai,CAGCTG
dor12838iii,CTGGAG
dpai,AGTACT
dpi3069i,GACAG
dpi3084i,CGRAG
dpi3090ii,AAGRAG
dpi3250i,TACGA
dpi3256ii,TGKMCA
dpi3911i,CGRAG
dpni,GATC
dpnii,GATC
drai,TTTAAA
draii,RGGNCCY
draiii,CACNNNGTG
drari,CAAGNAC
drdi,GACNNNNNNGTC
drdii,GAACCA
drdiii,CGATCG
drdiv,TACGAC
drdv,CATGNAC
drdvi,GCAGCC
drdviii,ARGAGC
drdai,CCGCGG
drdbi,CCGCGG
drdci,CCGCGG
drddi,CTCGAG
drdei,CCGCGG
drdfi,CCGCGG
drii,GACNNNNNGTC
dsai,CCRYGG
dsaii,GGCC
dsaiii,RGATCY
dsaiv,GGWCC
dsav,CCNGG
dsavi,GTMKAC
dsedi,GACNNNNNNGTC
dsp1i,CCGCGG
dsp20i,GCWGC
dvuiii,CACNCAC
eaci,GGATC
eaei,YGGCCR
eae2i,CTCGAG
eae46i,CCGCGG
eaeai,CCCGGG
eaepi,CTGCAG
eagi,CGGCCG
eagbi,CGATCG
eagki,CCWGG
eagmi,GGWCC
eam1104i,CTCTTC
eam1105i,GACNNNNNGTC
eari,CTCTTC
ebanih1ii,CTGAAG
ebanih3i,CTGAAG
ecai,GGTNACC
ecaii,CCWGG
ecci,CCGCGG
ecii,GGCGGA
eci125i,GGTNACC
eciai,TACGTA
ecibi,YGGCCR
ecici,CCTNAGG
ecidi,CCSGG
eciei,GGGCCC
ecli,CAGCTG
eclii,CCWGG
ecl1i,CCGCGG
ecl28i,CCGCGG
ecl37i,CCGCGG
ecl66i,CCWGG
ecl77i,CTGCAG
ecl133i,CTGCAG
ecl136i,CCWGG
ecl136ii,GAGCTC
ecl137i,GAGCTC
ecl137ii,CCWGG
ecl234i,CGGNAAG
ecl388i,CGGNAAG
ecl593i,CTGCAG
ecl35734i,GAAAYTC
eclhki,GACNNNNNGTC
eclji,CGATCG
eclri,CCCGGG
ecls39i,CCWGG
eclxi,CGGCCG
ecl18ki,CCNGG
ecl37ki,CTGCAG
ecl37kii,CCWGG
ecl54ki,CCWGG
ecl57ki,CCWGG
ecl699ki,CTGCAG
ecl1zi,CTGCAG
ecl1zii,CCWGG
ecl2zi,CTGCAG
eco17i,GATATC
eco24i,GRGCYC
eco25i,GRGCYC
eco26i,GRGCYC
eco31i,GGTCTC
eco32i,GATATC
eco35i,GRGCYC
eco38i,CCWGG
eco39i,GGNCC
eco40i,CCWGG
eco41i,CCWGG
eco42i,GGTCTC
eco43i,CCNGG
eco47i,GGWCC
eco47ii,GGNCC
eco47iii,AGCGCT
eco48i,CTGCAG
eco49i,CTGCAG
eco50i,GGYRCC
eco51i,GGTCTC
eco51ii,CCNGG
eco52i,CGGCCG
eco55i,CCGCGG
eco56i,GCCGGC
eco57i,CTGAAG
eco60i,CCWGG
eco61i,CCWGG
eco64i,GGYRCC
eco65i,AAGCTT
eco67i,CCWGG
eco68i,GRGCYC
eco70i,CCWGG
eco71i,CCWGG
eco72i,CACGTG
eco76i,CCTNAGG
eco78i,GGCGCC
eco80i,CCNGG
eco81i,CCTNAGG
eco82i,GAATTC
eco83i,CTGCAG
eco85i,CCNGG
eco88i,CYCGRG
eco90i,YGGCCR
eco91i,GGTNACC
eco92i,CCGCGG
eco93i,CCNGG
eco95i,GGTCTC
eco96i,CCGCGG
eco97i,GGTCTC
eco98i,AAGCTT
eco99i,CCGCGG
eco100i,CCGCGG
eco101i,GGTCTC
eco104i,CCGCGG
eco105i,TACGTA
eco112i,CTGAAG
eco113i,GRGCYC
eco115i,CCTNAGG
eco118i,CCTNAGG
eco120i,GGTCTC
eco121i,CCSGG
eco125i,CTGAAG
eco127i,GGTCTC
eco128i,CCWGG
eco129i,GGTCTC
eco130i,CCWWGG
eco134i,CCGCGG
eco135i,CCGCGG
eco143i,GCGCGC
eco147i,AGGCCT
eco149i,GGTACC
eco151i,CCGCGG
eco152i,GCGCGC
eco153i,CCNGG
eco155i,GGTCTC
eco156i,GGTCTC
eco157i,GGTCTC
eco158i,CCGCGG
eco158ii,TACGTA
eco159i,GAATTC
eco161i,CTGCAG
eco0162ii,ATGAAG
eco162i,GGTCTC
eco164i,YGGCCR
eco167i,CTGCAG
eco168i,GGYRCC
eco169i,GGYRCC
eco170i,CCWGG
eco171i,GGYRCC
eco173i,GGYRCC
eco178i,GATATC
eco179i,CCSGG
eco180i,GRGCYC
eco182i,CCGCGG
eco185i,GGTCTC
eco188i,AAGCTT
eco190i,CCSGG
eco191i,GGTCTC
eco193i,CCWGG
eco195i,GGYRCC
eco196i,CCGCGG
eco196ii,GGNCC
eco200i,CCNGG
eco201i,GGNCC
eco203i,GGTCTC
eco204i,GGTCTC
eco205i,GGTCTC
eco206i,CCWGG
eco207i,CCWGG
eco208i,CCGCGG
eco208ii,CCWWGG
eco211i,GRGCYC
eco215i,GRGCYC
eco216i,GRGCYC
eco217i,GGTCTC
eco225i,GGTCTC
eco228i,GAATTC
eco231i,AAGCTT
eco232i,GRGCYC
eco233i,GGTCTC
eco237i,GAATTC
eco239i,GGTCTC
eco240i,GGTCTC
eco241i,GGTCTC
eco246i,GGTCTC
eco247i,GGTCTC
eco249i,GRGCYC
eco252i,GAATTC
eco254i,CCWGG
eco255i,AGTACT
eco256i,CCWGG
eco260i,CTGCAG
eco261i,CTGCAG
eco262i,GRGCYC
eco263i,GGTCTC
eco293ii,GAAABCC
eco0398ii,GAAABCC
eco644i,GAAABCC
eco933ii,GAAABCC
eco1130ii,GAAABCC
eco1524i,AGGCCT
eco1831i,CCSGG
eco2149ii,GAAABCC
eco2159ii,GAAABCC
eco3384ii,GAAABCC
eco4276ii,GAAABCC
eco4465ii,GAAABCC
eco8368ii,GAAABCC
eco9234ii,GAAABCC
eco9272i,CTGAAG
eco9276ii,CRARCAG
eco9280i,CRARCAG
eco9699ii,TAGARC
eco43896ii,CRARCAG
ecoa4i,GGTCTC
ecobe25ii,CTTGAC
ecoblmcrx,RCSRC
ecoe1140i,ACCYAC
ecogiii,CTGCAG
ecohi,CCSGG
ecohai,YGGCCR
ecohk31i,YGGCCR
ecoicri,GAGCTC
eco71ki,GGTCTC
eco75ki,GRGCYC
eco57mi,CTGRAG
ecomvii,CANCATC
econi,CCTNNNNNAGG
eco95nr1ii,CRARCAG
ecoo44i,GGTCTC
ecoo65i,GGTNACC
ecoo109i,RGGNCCY
ecoo128i,GGTNACC
ecoo157si,C
ecopt54i,GAAABCC
ecori,GAATTC
ecorii,CCWGG
ecorv,GATATC
ecot14i,CCWWGG
ecot22i,ATGCAT
ecot38i,GRGCYC
ecot88i,GRGCYC
ecot93i,GRGCYC
ecot95i,GRGCYC
ecot104i,CCWWGG
ecoviii,AAGCTT
eco13ki,CCNGG
eco21ki,CCNGG
eco27ki,CYCGRG
eco29ki,CCGCGG
eco53ki,GAGCTC
eco110ki,CCTNAGG
eco137ki,CCNGG
efa1ki,CCWGG
efa31ki,GTCTC
egei,GGCGCC
ehei,GGCGCC
ehoi,CTGCAG
eli8509ii,CCGGAG
elmi,GCNGC
erhi,CCWWGG
erhb9i,CGATCG
erhb9ii,CCWWGG
erhg4t10i,CGANNNNNNTC
erhse38i,CGANNNNNNTC
erpi,GGWCC
esabc3i,TCGA
esabc4i,GGCC
esabs9i,CGCG
esalhci,GATC
esammi,C
esani,C
esassi,GACCAC
esawc1i,GGCC
esci,CTCGAG
ese3i,CCGCGG
ese4i,GRGCYC
ese6i,CCGCGG
ese6ii,CCWGG
espi,GCTNAGC
esp1i,GGYRCC
esp2i,CCWGG
esp3i,CGTCTC
esp4i,CTTAAG
esp5i,GCCGGC
esp5ii,CTGCAG
esp6i,GGYRCC
esp7i,GCGCGC
esp8i,GCGCGC
esp9i,GGYRCC
esp10i,GGYRCC
esp11i,GGYRCC
esp12i,GGYRCC
esp13i,GGYRCC
esp14i,GGYRCC
esp15i,GGYRCC
esp16i,CGTCTC
esp19i,GGTACC
esp21i,GGYRCC
esp22i,GGYRCC
esp23i,CGTCTC
esp24i,CCWGG
esp25i,GGYRCC
esp141i,CTGCAG
esp638i,GCNGC
esp1396i,CCANNNNNTGG
esp3007i,CAGAAG
espci,ACCTGC
esphk7i,CCWGG
esphk16i,YGGCCR
esphk22i,CCWGG
esphk24i,YGGCCR
esphk26i,TCCGGA
esphk29i,CYCGRG
esphk30i,CCWGG
exi27195i,GCCGAC
faei,CATG
faii,YATR
fali,AAGNNNNNCTTNNNNNNNNNNNNN
fali,AAGNNNNNCTTNNNNNNNNNNNNN
falii,CGCG
faqi,GGGAC
fati,CATG
faui,CCCGC
faubii,CGCG
faundi,CATATG
fbai,TGATCA
fba202z8ii,AGAAGG
fbli,GTMKAC
fbri,GCNGC
fco1691iv,GCVGAG
fdii,GGWCC
fdiii,TGCGCA
fgoi,CTAG
fini,GGGAC
finii,CCGG
finsi,GGCC
fisi,CTAG
fla104114ii,CCRGAG
fmui,GGNCC
fnuai,GANTC
fnuaii,GATC
fnuci,GATC
fnudi,GGCC
fnudii,CGCG
fnudiii,GCGC
fnuei,GATC
fnu4hi,GCNGC
foki,GGATG
fph2801i,GAGNNNNNRTG
fpsji,CCGG
frioi,GRGCYC
fsci,CCGCGG
fsei,GGCCGGCC
fsfi,CTGAAG
fsii,RAATTY
fspi,TGCGCA
fspii,TTCGAA
fsp1604i,CCWGG
fspai,RTGCGCAY
fspbi,CTAG
fspei,CC
fsp4hi,GCNGC
fspmi,CGCG
fspmsi,GGWCC
fsppk15i,GARGAAG
fssi,GGWCC
fsui,GACNNNGTC
fsy5di,TGGCCA
ftnuiv,GATC
ftnuv,GAAACA
funi,AGCGCT
funii,GAATTC
gali,CCGCGG
gaut27i,CGCGCAGG
gba708ii,ATGCAC
gcei,CCGCGG
gcegli,CCGCGG
gdii,AGGCCT
gdiii,CGGCCR
gdoi,GGATCC
geoici,GCAGC
gini,GGATCC
glai,GCGC
glui,GCNGC
gobai,AGGCCT
goxi,GGATCC
gsai,CCCAGC
gsei,GGNCC
gseii,CTGCAG
gseiii,GGATCC
gspi,CAGCTG
gsp29i,GRGCRAC
gspai,GGWCC
gspaii,TGCGCA
gsti,GGATCC
gst1588i,CYCGRG
gst1588ii,GATC
gsui,CTGGAG
haci,GATC
haei,WGGCCW
haeii,RGCGCY
haeiii,GGCC
haeiv,GAYNNNNNRTCNNNNNNNNNNNNNN
haeiv,GAYNNNNNRTCNNNNNNNNNNNNN
hali,GAATTC
halii,CTGCAG
hal22i,GAATTC
hapii,CCGG
hauii,TGGCCANNNNNNNNNNN
hbaii,GCCCAG
hdeny26i,CGANNNNNNTCC
hdeza17i,GCANNNNNNTCC
hgai,GACGC
hgii,GRCGYC
hgiai,GWGCWC
hgibi,GGWCC
hgici,GGYRCC
hgicii,GGWCC
hgiciii,GTCGAC
hgidi,GRCGYC
hgidii,GTCGAC
hgiei,GGWCC
hgieii,ACCNNNNNNGGT
hgigi,GRCGYC
hgihi,GGYRCC
hgihii,GRCGYC
hgihiii,GGWCC
hgiji,GGWCC
hgijii,GRGCYC
hgis21i,CCSGG
hgis22i,CCSGG
hhai,GCGC
hhaii,GANTC
hhdi,CCWGG
hhgi,GGCC
hin1i,GRCGYC
hin1ii,CATG
hin2i,CCGG
hin3i,CCSGG
hin4i,GAYNNNNNVTC
hin4i,GABNNNNNRTC
hin4ii,CCTTC
hin5i,CCGG
hin5ii,GGNCC
hin5iii,AAGCTT
hin6i,GCGC
hin7i,GCGC
hin8i,GRCGYC
hin8ii,CATG
hin173i,AAGCTT
hin1056i,CGCG
hin1076iii,AAGCTT
hin1160ii,GTYRAC
hin1161ii,GTYRAC
hingui,GCGC
hinguii,GGATG
hinhi,RGCGCY
hinjci,GTYRAC
hinjcii,AAGCTT
hinp1i,GCGC
hins1i,GCGC
hins2i,GCGC
hinsafi,AAGCTT
hinbiii,AAGCTT
hincii,GTYRAC
hindii,GTYRAC
hindiii,AAGCTT
hinfi,GANTC
hjai,GATATC
hpai,GTTAAC
hpaii,CCGG
hphi,GGTGA
hpyii,GAAGA
hpyiv,GANTC
hpyv,TCGA
hpyviii,CCGG
hpy8i,GTNNAC
hpy8ii,GTSAC
hpy8iii,GWGCWC
hpy26i,TGCA
hpy26ii,TCGA
hpy30xi,CCATC
hpy30xiii,AGGAG
hpy51i,GTSAC
hpy99i,CGWCG
hpy99ii,GTSAC
hpy99iii,GCGC
hpy99iv,CCNNGG
hpy99xiii,GCCTA
hpy99xiv,GGWTAA
hpy99xiv-mut1,GGWCNA
hpy99xxii,CYANNNNNNTGA
hpy166i,TCNGA
hpy166ii,GTNNAC
hpy166iii,CCTC
hpy178ii,GAAGA
hpy178iii,TCNNGA
hpy178vi,GGATG
hpy178vii,GGCC
hpy188i,TCNGA
hpy188iii,TCNNGA
hpy298xi,CYANNNNNNNTRG
hpy298xii,GAAAG
hpy299ix,CCGG
hpy299xii,CYANNNNNNNTRG
hpy299xiv,GAAAG
hpy300viii,AGGAG
hpy300xi,CCTYNA
hpy303i,GTAC
hpy312i,GTAC
hpy401i,GTAC
hpy421i,GTAC
hpy423i,GTAC
hpy471i,GTAC
hpy501i,GTAC
hpy12823xiii,GAAAAG
hpyaii,GAAGA
hpyaiii,GATC
hpyaiv,GANTC
hpyav,CCTTC
hpyaxiv,GCGTA
hpyaxvi-mut1,CRTTAA
hpyaxvi-mut2,CRTCNA
hpyaxviii,GGANNAG
hpy87ai,GANTC
hpybi,GTAC
hpybii,GTNNAC
hpyci,GATATC
hpych4i,CATG
hpych4ii,CTNAG
hpych4iii,ACNGT
hpych4iv,ACGT
hpych4v,TGCA
hpych4vi,TCNNGA
hpyfxvi,GCRGA
hpyf1i,GTSAC
hpyf2i,CTRYAG
hpyf2ii,GANTC
hpyf3i,CTNAG
hpyf4i,GTSAC
hpyf4ii,CTNAG
hpyf5i,CTNAG
hpyf5ii,ACNGT
hpyf6i,GGATG
hpyf6ii,GTSAC
hpyf6iii,CTNAG
hpyf7i,CTNAG
hpyf7ii,GWGCWC
hpyf7iii,GTNNAC
hpyf9i,GTSAC
hpyf9ii,CTNAG
hpyf9iii,ACNGT
hpyf10i,GCGC
hpyf10ii,GANTC
hpyf10iii,CCNNGG
hpyf10iv,GTAC
hpyf10v,GGCC
hpyf10vi,GCNNNNNNNGC
hpyf11i,CTNAG
hpyf11ii,TCNGA
hpyf12i,ACNGT
hpyf12ii,TCNGA
hpyf13i,GTSAC
hpyf13ii,CTNAG
hpyf13iii,ACGT
hpyf13iv,GTAC
hpyf14i,CGCG
hpyf14ii,GTNNAC
hpyf14iii,TCGA
hpyf15i,CGCG
hpyf15ii,TCNGA
hpyf16i,TCGA
hpyf16ii,TCNNGA
hpyf17i,TCNGA
hpyf18i,GANTC
hpyf19i,CTNAG
hpyf19ii,TCNGA
hpyf19iii,TCNNGA
hpyf20i,ACNGT
hpyf21i,CTNAG
hpyf21ii,GTAC
hpyf22i,ACNGT
hpyf22ii,CTNAG
hpyf22iii,TCNNGA
hpyf23i,TCGA
hpyf24i,TCGA
hpyf24ii,CTNAG
hpyf25i,CTNAG
hpyf25ii,GTSAC
hpyf26i,CGCG
hpyf26ii,GGCC
hpyf26iii,TCGA
hpyf27i,CTNAG
hpyf27ii,TCNGA
hpyf28i,TCNGA
hpyf29i,GGCC
hpyf30i,TCGA
hpyf30ii,CTNAG
hpyf31i,GTAC
hpyf31ii,GTSAC
hpyf32i,CTNAG
hpyf33i,TCNGA
hpyf33ii,GGCC
hpyf34i,CTNAG
hpyf34ii,GTSAC
hpyf35i,TCGA
hpyf35ii,ACGT
hpyf35iii,ACNGT
hpyf35iv,GTSAC
hpyf36i,GTSAC
hpyf36ii,GTAC
hpyf36iii,TGCA
hpyf36iv,GDGCHC
hpyf37i,CTNAG
hpyf38i,GANTC
hpyf38ii,TGCA
hpyf40i,ACNGT
hpyf40ii,TCGA
hpyf40iii,GTSAC
hpyf41i,ACNGT
hpyf41ii,CTNAG
hpyf42i,GGCC
hpyf42ii,ACNGT
hpyf42iii,TCNGA
hpyf42iv,TCGA
hpyf43i,CCGG
hpyf44i,GANTC
hpyf44ii,GGNNCC
hpyf44iii,TGCA
hpyf44iv,TCNNGA
hpyf44v,GTAC
hpyf45i,TCGA
hpyf45ii,TGCA
hpyf46i,ACNGT
hpyf46ii,GWGCWC
hpyf46iii,GTNNAC
hpyf46iv,TCNGA
hpyf46v,GGCC
hpyf47i,GDGCHC
hpyf48i,GTSAC
hpyf48ii,ACNGT
hpyf48iii,TGCA
hpyf49i,TCGA
hpyf49ii,GTSAC
hpyf49iii,GTNNAC
hpyf49iv,GGCC
hpyf49v,TGCA
hpyf50i,GTNNAC
hpyf50ii,TCNGA
hpyf51i,GTSAC
hpyf51ii,ACNGT
hpyf52i,TCGA
hpyf52ii,CGCG
hpyf52iii,GTAC
hpyf53i,GGCC
hpyf53ii,GTAC
hpyf54i,ACNGT
hpyf55i,ACNGT
hpyf55ii,GANTC
hpyf56i,ACNGT
hpyf57i,GGCC
hpyf58i,ACNGT
hpyf59i,CTNAG
hpyf59ii,GTAC
hpyf59iii,TCGA
hpyf60i,GANTC
hpyf60ii,CTNAG
hpyf61i,TCNGA
hpyf61ii,CCNNGG
hpyf61iii,CGWCG
hpyf62i,ACNGT
hpyf62ii,TCGA
hpyf62iii,GTSAC
hpyf63i,GGCC
hpyf64i,TCGA
hpyf64ii,ACNGT
hpyf64iii,TCNGA
hpyf64iv,CGCG
hpyf64v,CTNAG
hpyf65i,ACNGT
hpyf65ii,TCGA
hpyf65iii,GTAC
hpyf66i,GGNCC
hpyf66ii,CTNAG
hpyf66iii,GTAC
hpyf66iv,TCGA
hpyf67i,CTNAG
hpyf67ii,TGCA
hpyf67iii,GGATG
hpyf67iv,CCNNGG
hpyf68i,ACNGT
hpyf68ii,CTNAG
hpyf69i,ACNGT
hpyf69ii,GGCC
hpyf70i,CTNAG
hpyf71i,TCGA
hpyf71ii,GGNCC
hpyf71iii,GANTC
hpyf72i,GGCC
hpyf72ii,CTNAG
hpyf72iii,GANTC
hpyf73i,GGNNCC
hpyf73ii,TCGA
hpyf73iii,GGCC
hpyf73iv,GGNCC
hpyf74i,ACNGT
hpyf74ii,ACGT
hpygi,TCNNGA
hpygii,TGCA
hpyg272xv,GAAAAG
hpyhi,CTNAG
hpyhii,GTAC
hpyh1xii,GCRCA
hpyhpk5i,CTNAG
hpyhpk5ii,GATC
hpyjp26i,TGCA
hpyjp26ii,TCGA
hpyni,CCNGG
hpynsh57i,GTAC
hpynsh57ii,TCNNGA
hpys300xiii,GCCTA
hpys300xiv,CYANNNNNNTGA
hpyse526i,ACGT
hpyum032xiii,CYANNNNNNNTRG
hpyum032xiii-mut1,CYANNNNNNNTTC
hpyum032xiv,GAAAG
hpyum037x,GTGGNAG
hpyum037x,TNGGNAG
hpyum037xiii,GAAAG
hsoi,GCGC
hsoii,CAYNNNNNRTGNNNNNNNNNNNNNN
hsoii,CAYNNNNNRTGNNNNNNNNNNNNNN
hso63250ii,CGANNNNNRTAY
hso63250iv,AACNNNNNGTT
hso63255i,CGANNNNNRTAY
hso63368i,CGANNNNNRTAY
hso63368ii,AACNNNNNGTT
hso63369ii,CGANNNNNRTAY
hso63370ii,CGANNNNNRTAY
hso63373iii,CGANNNNNRTAY
hso63374ii,CGANNNNNRTAY
hsp2i,GGWCC
hsp92i,GRCGYC
hsp92ii,CATG
hspai,GCGC
hspmhr1ii,GAGCAGC
hsui,AAGCTT
itai,GCNGC
jma19592i,GTATNAC
jma19592ii,GRGCRAC
jsp2502ii,GRNGAAT
kasi,GGCGCC
kaz48ki,RGGNCCY
kfli,GGGWCCC
koxi,GGTNACC
koxii,GRGCYC
kox165i,CCWGG
kox11355i,GCCRAG
kox11356i,GCCRAG
koyi,GTCGAC
kpl79i,CGATCG
kpni,GGTACC
kpn2i,TCCGGA
kpn10i,CCWGG
kpn12i,CTGCAG
kpn13i,CCWGG
kpn14i,CCWGG
kpn16i,CCWGG
kpn19i,CCGCGG
kpn30i,GCGCGC
kpn156v,CRTGATT
kpn327i,GACATC
kpn378i,CCGCGG
kpn9178i,GNGCGAG
kpn9644ii,GRACRAC
kpn9793i,GCYAAG
kpn39795iii,CANCATC
kpnk14i,GGTACC
kpnnh25iii,CTRGAG
kpnnih30iii,GTTCNAC
kpn2ki,CCNGG
kpn49ki,GAATTC
kpn49kii,CCSGG
kroi,GCCGGC
kro7512ii,ARCAGKC
kroni,GCCGGC
kspi,CCGCGG
ksp22i,TGATCA
ksp632i,CTCTTC
kspai,GTTAAC
ksphk12i,CCWGG
ksphk14i,CCWGG
ksphk15i,YGGCCR
kteai,CCCGGG
kzo9i,GATC
kzo49i,GGWCC
lba2029iii,CYAAANG
lbr124ii,CATCNAC
lbr449i,AGCCAG
lcai,ATCGAT
lcrjm3i,GRTAAAT
lcrjm3ii,GMAGG
lde4408ii,ACAAAG
lfei,GCAGC
lfurb21i,AAGGAG
lgui,GCTCTTC
ljo11533ii,GGAGG
lla497i,CCWGG
llaai,GATC
llabi,CTRYAG
llaci,AAGCTT
lladi,AGTACT
lladii,GCNGC
lladchi,GATC
llag2i,GCTAGC
llag50i,CCGTKA
llakr2i,GATC
llami,CCNGG
lmni,GCTCC
lmo370i,AGCGCCG
lmo540i,TAGRAG
lmo911ii,TAGRAG
lmo6905i,TAGRAG
lmo6907ii,TAGRAG
lmo11238i,TAGRAG
lmo23459ii,TAGRAG
lmo11aii,TAGRAG
lmoh7i,GTATCC
lmu60i,CCTNAGG
lpli,ATCGAT
lpl116iii,CAGRAG
lpl520i,AGCCAG
lpl1004ii,AGGRAG
lplk25i,AGGRAG
lpni,RGCGCY
lpn12272i,GCNCAAC
lpn12273i,GCNCAAC
lpnpi,CCG
lpnpi,CGG
lra68i,GTTCNAG
lrh13710iii,CAGRAG
lrh13764iii,CAGRAG
lsads4i,TGGAAT
lsam18i,GCWGC
lspi,TTCGAA
lsp48iii,AGCACC
lsp1109i,GCAGC
lsp1109ii,GATC
lsp1270i,RCATGY
lsp6406vi,CRAGCAC
lvesmr4riv,CTCGCC
lwei,GCATC
mabi,ACCWGGT
maei,CTAG
maeii,ACGT
maeiii,GTNAC
maek81i,CGTACG
maek81ii,GGNCC
mae7806sli,AAGGAG
maf25ii,CACGCAG
mali,GATC
mami,GATNNNNATC
maqi,CRTTGAC
mari,AGCT
maui,CTGCAG
mauai,GCCGGC
maubi,CGCGCGCG
mavi,CTCGAG
mba11i,AGGCGA
mbar4i,GCWGC
mbii,CCGCTC
mboi,GATC
mboii,GAAGA
mboiii,GGARCA
mbo26ii,CACGCAG
mbo30ii,CACGCAG
mcai,CTCGAG
mcaai,GGCGCC
mcaci,CCATC
mcati,GCGCGC
mchi,GGCGCC
mch946ii,WCGATCT
mchai,GCGGCCGC
mchaii,GGCC
mchcm4i,GAGGAG
mcri,CGRYCG
meci,CTCGAG
mel3ji,GATC
mel5ji,GATC
mel7ji,GATC
mel4oi,GATC
mel5oi,GATC
mel2ti,GATC
mel5ti,GATC
meui,GATC
mfei,CAATTG
mfli,RGATCY
mfoi,GGWCC
mfoai,GGCC
mgl14481i,CCSGG
mgoi,GATC
mhai,CTCGAG
mha185iii,CTGAAG
mha187iii,CTGAAG
mha2286ii,CTGAAG
mhaai,CTGCAG
mhli,GDGCHC
mhoi,GGNCC
mho2111i,AGCT
mho2965i,GCGC
mhygdl1iii,GATC
misi,GCCGGC
mizi,CTGCAG
mjai,CTAG
mjaii,GGNCC
mjaiii,GATC
mjaiv,GTNNAC
mjav,GTAC
mkadii,GAGAYGT
mkii,AAGCTT
mkri,CTGCAG
mkrai,GATC
mlai,TTCGAA
mlaai,CTCGAG
mlei,GGATCC
mlii,GGWCC
mlsi,TGGCCA
mlti,AGCT
mlui,ACGCGT
mlu23i,GGATCC
mlu31i,TGGCCA
mlu40i,GDGCHC
mlu211iii,AGCCCA
mlu1106i,RGGWCCY
mlu2300i,CCWGG
mlu9273i,TCGCGA
mlu9273ii,GCCGGC
mlub2i,TCGCGA
mluci,AATT
mluni,TGGCCA
mlyi,GAGTC
mly113i,GGCGCC
mmai,CTGCAG
mmei,TCCRAC
mmeii,GATC
mmosti,CCNGG
mmu5i,GATC
mmup2i,GATC
mmycvi,CCATC
mnii,GGCC
mniii,CCGG
mnli,CCTC
mnni,GTYRAC
mnnii,GGCC
mnniv,GCGC
mnoi,CCGG
mnoiii,GATC
mosi,GATC
mox20i,TGGCCA
mphi,CCWGG
mph1103i,ATGCAT
mph1103ii,GATC
mpr154i,CCGCGG
mpracelvii,GATCAG
mpsi,CCWGG
mpui,CTCGAG
mrai,CCGCGG
mrei,CGCCGGCG
mrhi,CTCGAG
mroi,TCCGGA
mroni,GCCGGC
mroxi,GAANNNNTTC
msai,GGCGCC
msci,TGGCCA
mscai,CTCGAG
msei,TTAA
msii,CTCGAG
msli,CAYNNNNRTG
mspi,CCGG
msp11i,CTGCAG
msp16i,TGGCCA
msp17i,GRCGYC
msp20i,TGGCCA
msp23i,TCTAGA
msp23ii,CTCGAG
msp24i,GGNCC
msp67i,CCNGG
msp67ii,GATC
msp199i,CCGG
mspai,GGWCC
mspa1i,CMGCKG
mspak21i,GCWGC
mspbi,GATC
mspb4i,GGYRCC
mspci,CTTAAG
mspgi,GCCGGC
mspi7ii,ACGRAG
mspi7iv,GCMGAAG
mspji,CNNR
mspni,GGWCC
mspnii,RGATCY
mspr9i,CCNGG
mspsc27ii,CCGCGAC
mspswi,ATTTAAAT
mspv281i,GWGCWC
mspyi,YACGTR
mssi,GTTTAAAC
msti,TGCGCA
mstii,CCTNAGG
mtei,GCGCNGCGC
mte37i,C
mthi,GATC
mth1047i,GATC
mthai,GATC
mthbi,GGNCC
mthfi,CTAG
mthti,GGCC
mthzi,CTAG
mtu18ii,CACGCAG
mtu445ii,CACGCAG
mtu446ii,CACGCAG
mtu447iii,CACGCAG
mtu448ii,CACGCAG
mtu1007iii,CACGCAG
mtu1008iii,CACGCAG
mtu1009iii,CACGCAG
mtu1451iii,CACGCAG
mtu1452iii,CACGCAG
mtu1453iii,CACGCAG
mtu1454iii,CACGCAG
mtu1456ii,CACGCAG
mtu1457iii,CACGCAG
mtu1459iii,CACGCAG
mtu1460iii,CACGCAG
mtu2242ii,CACGCAG
mtu2279ii,CACGCAG
mtu12961ii,CACGCAG
mtu22115i,CACGCAG
mtu26105i,CACGCAG
mtu37004i,CACGCAG
mtublii,CACGCAG
mtuhn878ii,CACGCAG
muni,CAATTG
mvai,CCWGG
mva16i,TTCGAA
mva1269i,GAATGC
mva1312ii,GCATC
mvaai,CGCG
mvni,CGCG
mvri,CGATCG
mvsi,GGTACC
mvsai,GGTACC
mvsbi,GGTACC
mvsci,GGTACC
mvsdi,GGTACC
mvsei,GGTACC
mwhi,GTTAAC
mwoi,GCNNNNNNNGC
mxai,GAGCTC
mzii,CAGCTG
naei,GCCGGC
nal45188ii,ACCAGC
nami,GGCGCC
nan12227i,CCANNNNNNTCY
nan19573i,GATATC
nan19573ii,GATC
nari,GGCGCC
nar7i,CTGRAG
nasi,CTGCAG
nasbi,GGATCC
nassi,GAGCTC
nbai,GCCGGC
nbli,CGATCG
nbri,GCCGGC
nbr128ii,ACCGAC
ncai,GANTC
ncii,CCSGG
nciai,GATC
ncoi,CCATGG
ncri,AGATCT
ncui,GAAGA
ncuii,CCCG
ndai,GGCGCC
ndei,CATATG
ndeii,GATC
nfli,GATC
nflai,GATATC
nflaii,GATC
nflbi,GATC
nflhi,GCGGAG
nflhii,CCGG
ngbi,CTGCAG
ngoai,RGCGCY
ngoaii,GGCC
ngoaiii,CCGCGG
ngoaiv,GCCGGC
ngoavi,GATC
ngoavii,GCCGC
ngoaviii,GACNNNNNTGA
ngoaviii,TCANNNNNGTC
ngoaxvi,GGTGA
ngobi,RGCGCY
ngobv,GGNNCC
ngobviii,GGTGA
ngoci,RGCGCY
ngocii,GGCC
ngodiii,CCGCGG
ngodviii,GGTGA
ngodxiv,GATC
ngoeii,GCGC
ngofvii,GCSGC
ngogi,RGCGCY
ngogiii,CCGCGG
ngogv,GGNNCC
ngoji,RGCGCY
ngojiii,CCGCGG
ngojviii,GGTGA
ngokiii,CCGCGG
ngomi,RGCGCY
ngomiii,CCGCGG
ngomiv,GCCGGC
ngomv,GGNNCC
ngomviii,GGTGA
ngonii,GGCC
ngopii,GGCC
ngopiii,CCGCGG
ngosii,GGCC
ngotii,GGCC
ngowi,RGCGCY
nhaxi,CAAGRAG
nhei,GCTAGC
nhoi,GCWGC
nlai,GGCC
nlaii,GATC
nlaiii,CATG
nlaiv,GGNNCC
nlaci,CATCAC
nladi,GATC
nladii,GGNCC
nladiii,CCGCGG
nlasi,CCGCGG
nlasii,GRCGYC
nlii,CYCGRG
nliii,GGWCC
nli3877i,CYCGRG
nli3877ii,GGWCC
nmeaii,GATC
nmeaiii,GCCGAG
nmea6ciii,GCCGAC
nmebi,GACGC
nmebl859i,GATC
nmeci,GATC
nmedi,RCCGGYNNNNNNN
nmedi,RCCGGYNNNNNNN
nmeri,CAGCTG
nmesi,AGTACT
nmii,GGTACC
nmui,GCCGGC
nmuai,CYCGRG
nmuaii,GGWCC
nmuci,GTSAC
nmudi,GATC
nmuei,GATC
nmueii,GGNCC
nmufi,GCCGGC
nmusi,GGNCC
noci,CTGCAG
nopi,GTCGAC
noti,GCGGCCGC
novii,GANTC
npeus61ii,GATCGAC
nphi,GATC
nrui,TCGCGA
nrugi,GACNNNNNGTC
nsbi,TGCGCA
nsii,ATGCAT
nsiai,GATC
nsici,GATATC
nsihi,GANTC
nsojs138i,CAGCTG
nspi,RCATGY
nspii,GDGCHC
nspiii,CYCGRG
nspiv,GGNCC
nspv,TTCGAA
nsp7121i,GGNCC
nsp29132i,TTCGAA
nsp29132ii,GGATCC
nspai,GATC
nspbi,TTCGAA
nspbii,CMGCKG
nspdi,CYCGRG
nspdii,GGWCC
nspei,CYCGRG
nspfi,TTCGAA
nspgi,GGWCC
nsphi,RCATGY
nsphii,GGWCC
nsphiii,TGCGCA
nspji,TTCGAA
nspki,GGWCC
nspli,TGCGCA
nsplii,GGNCC
nsplki,GGCC
nspmi,TGCGCA
nspmaci,AGATCT
nspsai,CYCGRG
nspsaii,GGTNACC
nspsaiii,CCATGG
nspsaiv,GGATCC
nspwi,GCCGGC
nsui,GATC
nsudi,GATC
ntai,GACNNNGTC
ntasi,AGGCCT
ntasii,GCCGGC
nunii,GGCGCC
obabs10i,ACGAG
ochi,GGCC
ocoi,CTCGAG
ofoi,CYCGRG
ogri,CAACNAC
okrai,GGATCC
olii,CACNNNNGTG
omiai,GRGCYC
omibi,GRGCYC
omibii,GTMKAC
ospi,TTCGAA
osphl35iii,YAGGAG
otui,AGCT
otuni,AGCT
oxai,AGCT
oxani,CCTNAGG
pabi,GTAC
paci,TTAATTAA
paciii,GTAATC
pac25i,CCCGGG
pac1110i,GGATCC
pac1110ii,GATATC
pac19842ii,CCTTGA
paei,GCATGC
pae7i,CCGCGG
pae8i,CTGCAG
pae9i,CTGCAG
pae14i,CTGCAG
pae15i,CTGCAG
pae17i,CCGCGG
pae22i,CTGCAG
pae24i,CTGCAG
pae25i,CTGCAG
pae26i,CTGCAG
pae36i,CCGCGG
pae39i,CTGCAG
pae40i,CTGCAG
pae41i,CTGCAG
pae42i,CCGCGG
pae43i,CCGCGG
pae44i,CCGCGG
pae95ii,GATCGAG
pae177i,GGATCC
pae181i,CCSGG
paeai,CCGCGG
paebi,CCCGGG
paeci,GCATGC
paehi,GRGCYC
paehii,CTGCAG
paeps50i,GCNNGC
paeqi,CCGCGG
paer7i,CTCGAG
pae2ki,AGATCT
pae5ki,CCGCGG
pae14ki,CCGCGG
pae17ki,CAGCTG
pae18ki,AGATCT
pagi,TCATGA
paii,GGCC
pali,GGCC
pal408i,CCRTGAG
palai,GGCGCGCC
pami,TGCGCA
pamii,GRCGYC
pam7686i,CCATGG
pam7902i,GCNNGC
pani,CTCGAG
pan13i,GCWGC
paqci,CACCTGC
pari,TGATCA
pasi,CCCWGGG
patai,GGCGCC
patti,C
paui,GCGCGC
pauai,RCATGY
pauaii,TTTAAA
pba2294i,GTAAG
pboci,GGATCC
pbrti,GATC
pbujki,GGATG
pbumzi,ATTAAT
pcaii,GACGAG
pca17ai,CCWGG
pcei,AGGCCT
pcii,ACATGT
pcisi,GCTCTTC
pcoi,GAACNNNNNNTCC
pcsi,WCGNNNNNNNCGW
pcti,GAATGC
pde12i,GGNCC
pde133i,GGCC
pde137i,CCGG
pdii,GCCGGC
pdi8503iii,CCGGNAG
pdmi,GAANNNNTTC
pdu1735i,CACCAC
peci,TTATAA
pei9403i,GATC
peni,GCAGT
pfai,GATC
pfaai,GGYRCC
pfaaii,CATATG
pfaaiii,GCATGC
pfei,GAWTC
pfl8i,GGATCC
pfl16i,GATATC
pfl18i,GAGCTC
pfl19i,GGWCC
pfl21i,CTGCAG
pfl23i,GTGCAC
pfl23ii,CGTACG
pfl27i,RGGWCCY
pfl37i,CTGCAG
pfl67i,CTCGAG
pfl1108i,TCGTAG
pfl1108ii,CCGCGG
pfl8569i,GCNNGC
pfl10783ii,GCGTCAG
pflai,CGCG
pflbi,CCANNNNNTGG
pflfi,GACNNNGTC
pflki,GGCC
pflmi,CCANNNNNTGG
pflni,CTCGAG
pflpt14i,RGCCCAC
pflwi,CTCGAG
pfoi,TCCNGGA
pfr12i,GTGCAC
pfrci,C
pfrjs2iv,CTTCNAC
pfrjs12iv,TANAAG
pfrjs12v,GGCGGAG
pfrjs15iii,CTTCNAC
pfrjs23ii,CTTCNAC
pfrjs12aiv,TANAAG
pfrjs12av,GGCGGAG
pfrjs15aiii,CTTCNAC
pfruf1ii,CTTCNAC
pfuni,CGTACG
pgai,ATCGAT
pgap73ii,CGCRGAC
pgap73iii,TTCGAG
pgap128iv,GGCGAG
pgap129v,GGCGAG
pgli,GCCGGC
pgl34i,CACGTG
phai,GCATC
phoi,GGCC
pini,AGTACT
pin2734v,GAAGAA
pinai,ACCGGT
pinbi,ATGCAT
pinbii,TCCGGA
pin17fiii,GGYGAB
pinp10iii,ACACAG
pinp23ii,CTRKCAG
pinp30iv,ACACAG
pinp42ii,CTRKCAG
pinp57iii,ACACAG
pinp59iii,GAAGNAG
pinp88iii,CGCRGAC
pkri,GCNGC
plai,GGCC
plaii,TTCGAA
plaai,CYCGRG
plaaii,GTAC
pladi,CATCAG
plei,GAGTC
ple19i,CGATCG
ple214i,GGCC
plii,GTGCAC
plimi,CGCCGAC
plui,AGGCCT
pluti,GGCGCC
pmai,CTGCAG
pma44i,CTGCAG
pmaci,CACGTG
pmdi,CCTCAGC
pmei,GTTTAAAC
pmeii,GGWCC
pme5ii,GACGAG
pme35i,CCGG
pme55i,AGGCCT
pmes132i,GACGAG
pmli,CACGTG
pmni,GGCGCC
pmyi,CTGCAG
pnti,CGATCG
poli,GGWCC
povi,TGATCA
ppai,GGTCTC
ppaai,TTCGAA
ppaaii,TCGA
ppei,GGGCCC
ppehi,C
pph14i,GGYRCC
pph288i,GATC
pph1579i,GGNCC
pph1773i,GGNCC
pph2059i,CTGCAG
pph2066i,CTGCAG
pph3215i,GWGCWC
ppii,GAACNNNNNCTC
ppii,GAGNNNNNGTTC
ppip13ii,CGCRGAC
ppip36ii,CTRKCAG
ppsi,GAGTC
pps170i,GCWGC
ppui,GGCC
ppu6i,YACGTR
ppu10i,ATGCAT
ppu11i,YACGTR
ppu13i,AGGCCT
ppu20i,GRGCYC
ppu21i,YACGTR
ppu111i,GAATTC
ppu1253i,GACGTC
ppuai,CGTACG
ppumi,RGGWCCY
ppuxi,RGGWCCY
pre82i,CCGCAG
pru2i,GGCC
pru4541i,GCWGC
pru8113i,CAGANGC
psb9879i,GGCC
psci,ACATGT
psc2i,GAANNNNTTC
psc27i,TTCGAA
psc28i,TTCGAA
psei,GGNCC
pse31i,GGTCTC
pse18267i,RCCGAAG
pshai,GACNNNNGTC
pshbi,ATTAAT
pshci,CACGTG
pshdi,CACGTG
pshei,CTGCAG
psii,TTATAA
pspi,GGNCC
psp03i,GGWCC
psp3i,CAGCTG
psp4i,CTCGAG
psp5i,CAGCTG
psp5ii,RGGWCCY
psp6i,CCWGG
psp23i,CTGCAG
psp28i,CTGCAG
psp29i,GGCC
psp30i,GGGCCC
psp31i,GRGCYC
psp32i,GTCGAC
psp33i,GTCGAC
psp38i,CACGTG
psp39i,CCWGG
psp46i,CTGCAG
psp56i,GGATCC
psp61i,GCCGGC
psp89i,GTCGAC
psp0357ii,GCGAAG
psp1009i,GCCNNNNNGGC
psp1406i,AACGTT
pspai,CCCGGG
pspali,CCCGGG
pspbi,CACGTG
psp124bi,GAGCTC
pspci,CACGTG
pspdi,TCGCGA
pspei,GGTNACC
pspfi,CCCAGC
pspgi,CCWGG
psp10hii,GRAGCAG
pspli,CGTACG
pspni,CTCGAG
pspn4i,GGNNCC
pspomi,GGGCCC
pspomii,CGCCCAR
psppi,GGNCC
pspppi,RGGWCCY
psppri,CCYCAG
pspsi,CTGCAG
pspxi,VCTCGAGB
psri,GAACNNNNNNTAC
psri,GTANNNNNNGTTC
pssi,RGGNCCY
psti,CTGCAG
pst145i,CTAMRAG
pst273i,GATCGAG
pst14472i,CNYACAC
pstni,CAGNNNCTG
pstnhi,GCTAGC
psui,RGATCY
psu161i,CGATCG
psuai,YACGTR
psugi,BBCGD
psuni,CRCCGGYG
psyi,GACNNNGTC
ptai,TCCGGA
ptei,GCGCGC
pun14627i,TGCGCA
pun14627ii,CAGCTG
punai,CYCGRG
punaii,RCATGY
pvui,CGATCG
pvuii,CAGCTG
pvu84i,CGATCG
pvu84ii,CAGCTG
pvuhkui,CAGCTG
pxyi,C
pxyari,GATATC
pxyjki,ATGCAT
pxymzi,CCTNAGG
ral8i,GGATC
ralf40i,GATC
ran11014iv,GAAAGAG
raqi,CCGCGG
rba2021i,CACGAGH
rba2021v,CGAGG
rcai,TCATGA
rcei,CATCGAC
rde10918i,ACCCAG
rdegbi,CCGCAG
rdegbii,ACCCAG
rdegbiii,TGRYCANNNNNNNNNNN
rdegbiii,TGRYCANNNNNNNNNNN
rder2i,GCNGC
rfl17i,GCNGC
rflfi,GTCGAC
rflfii,AGTACT
rflfiii,CGCCAG
rgai,GCGATCGC
rhci,TCATGA
rhei,GTCGAC
rhpi,GTCGAC
rhsi,GGATCC
rigi,GGCCGGCC
rlai,VCW
rlaii,ACACAG
rle69i,GGTCTC
rleai,CCCACA
rlui,GCCGGC
rlu1i,GATC
rlu3i,GGNNCC
rlu4i,GGATCC
rmai,CTAG
rma376i,TTCGAA
rma485i,CTAG
rma486i,CTAG
rma490i,CTAG
rma495i,CTAG
rma495ii,GATATC
rma496i,CTAG
rma496ii,GATATC
rma497i,CTAG
rma497ii,GATATC
rma500i,CTAG
rma501i,CTAG
rma503i,CTAG
rma506i,CTAG
rma509i,CTAG
rma510i,CTAG
rma515i,CTAG
rma516i,CTAG
rma517i,CTAG
rma518i,CTAG
rma519i,CTAG
rma522i,CTAG
rma523i,TTCGAA
rme21i,ATCGAT
rmu369iii,GGCYAC
ror431iii,CTRGAG
rpai,GTYGGAG
rpabi,CCCGCAG
rpab5i,CGRGGAC
rpati,GRTGGAG
rrhi,GTCGAC
rrh4273i,GTCGAC
rrhj1i,GCCGGC
rroi,GTCGAC
rrui,TCGCGA
rsai,GTAC
rsani,GTAC
rsei,CAYNNNNRTG
rshi,CGATCG
rshii,CCSGG
rspi,CGATCG
rsp008iv,ACGCAG
rsp008v,GCCCAT
rsp241i,CGATCG
rsp531ii,CACACG
rsplki,GCATGC
rsplkii,GGATCC
rsppbts2iii,CTTCGAG
rsprsi,GCCNNNNNGGC
rspxi,TCATGA
rsri,GAATTC
rsrii,CGGWCCG
rsr2i,CGGWCCG
rtri,GTCGAC
rtr20i,GAAGAC
rtr63i,GTCGAC
rtr1953i,TGANNNNNNTGA
saai,CCGCGG
sabi,CCGCGG
saci,GAGCTC
sacii,CCGCGG
sacai,GCCGGC
sacni,GRGCYC
saf8902iii,CAATNAG
sagi,GGCC
sag16i,CTGCAG
sag23i,CTGCAG
sag901i,GCAAAT
sag8187i,GCAAAT
sag13949i,GCAAAT
saii,GGGTC
saki,CCGCGG
sali,GTCGAC
sal13i,CTGCAG
sal1974i,CTCGAG
salai,GATC
salci,GCCGGC
saldi,TCGCGA
salhi,GATC
salpi,CTGCAG
sandi,GGGWCCC
saoi,GCCGGC
sapi,GCTCTTC
saqai,TTAA
sari,AGGCCT
sasi,GAGGAG
sati,GCNGC
saui,CCTNAGG
sau2i,GGNCC
sau5i,GGNCC
sau10i,GGTACC
sau12i,GGTCTC
sau13i,GGNCC
sau14i,GGNCC
sau15i,GATC
sau16i,CCWGG
sau17i,GGNCC
sau32i,GGNCC
sau33i,GGNCC
sau90i,CTYRAG
sau93i,CTYRAG
sau96i,GGNCC
sau98i,CTYRAG
sau557i,GGNCC
sau1803iii,CGANNNNNNTAC
sau3239i,CTCGAG
sau6782i,GATC
sau7988iii,CGANNNNNNTAC
sau9555iii,CGANNNNNNTAC
sau13142iii,YACNNNNNTGG
sau13616iii,YACNNNNNTGG
sau64037iv,GTANNNNNNTGG
sauai,GCCGGC
sau3ai,GATC
saubi,GGNCC
saubmki,GCCGGC
sauci,GATC
saudi,GATC
sauei,GATC
saufi,GATC
saugi,GATC
sauhi,CCTNAGG
sauhpi,GCCGGC
saulpi,GCCGGC
saulpii,CTCGAG
saumi,GATC
sauni,GCCGGC
sausi,GCCGGC
sau96mi,CTYRAG
sbai,CAGCTG
sba460ii,GGNGAYG
sbfi,CCTGCAGG
sbgi,GATC
sbi68i,CTCGAG
sblai,CCWWGG
sblbi,CCWWGG
sblci,CCWWGG
sboi,CCGCGG
sbo13i,TCGCGA
sbo46i,TGAAC
sbvi,GGCC
scai,AGTACT
sca1827i,CTCGAG
sceiii,GCCGGC
sceai,CGCG
scg2i,CCWGG
schi,GAGTC
schzi,CCGCGG
scii,CTCGAG
sci1831i,CTCGAG
sciai,GGTNACC
sciaii,CAGCTG
scibi,CTCGAG
scini,GCGC
scoi,GAGCTC
scoai,CTGCAG
scods2ii,GCTAAT
sconi,GTGCAC
scrfi,CCNGG
scui,CTCGAG
sdai,CCTGCAGG
sde240i,GCNGC
sdeai,CAGRAG
sdeaii,CCWGG
sdeosi,GACNNNNRTGA
sdeosi,TCAYNNNNGTC
sdii,GGCCNNNNNGGCC
sdiai,CTCGAG
sdui,GDGCHC
sdyi,GGNCC
sdy5370i,CACNNNNNTCY
sdy7136i,GAGNNNNNTAA
seci,CCNNGG
secii,CCGG
seciii,CCTNAGG
seli,CGCG
selai,GGNCC
selpi,CCWGG
sen13iii,GATCAG
sen23iv,ATGAAG
sen31iii,GATCAG
sen373iii,CANCATC
sen0392iv,GATCAG
sen870ii,GATCAG
sen1736ii,GATCAG
sen1878iv,GATCAG
sen1880iv,GATCAG
sen1896iv,GATCAG
sen1898iv,GATCAG
sen1906iv,GATCAG
sen1908iv,GATCAG
sen1910iv,GATCAG
sen4840ii,ACGAACB
sen6480iv,GTTCAT
sen9787iii,ACRCAG
sen10080v,CTTGAC
sen13311iii,GATCAG
sen13348iii,GATCAG
sen17963iii,CCAAAC
sena242iii,GATCAG
sena1673iii,GNGGCAG
senc1808iii,GATCAG
senc1810iv,GATCAG
senpt16i,CGGCCG
senpt14bi,CCGCGG
sensara26iii,ACRCAG
sentfiv,GATCAG
senww012iii,GATCAG
senpci,CCGCGG
sepi,ATGCAT
sepmi,GATATC
seq11824i,CTANNNNNCTC
seti,ASST
sexi,CTCGAG
sexai,ACCWGGT
sexbi,CCGCGG
sexci,CCGCGG
sfai,GGCC
sfaai,GCGATCGC
sfagui,CCGG
sfani,GCATC
sfci,CTRYAG
sfei,CTRYAG
sfii,GGCCNNNNNGGCC
sfli,CTGCAG
sflhk1794i,CCWGG
sflhk2374i,CCWGG
sflhk2731i,CCWGG
sflhk6873i,CCWGG
sflhk7234i,CCWGG
sflhk7462i,CCWGG
sflhk8401i,CCWGG
sflhk10695i,CCSGG
sflhk10790i,CCWGG
sflhk11086i,CCSGG
sflhk11087i,CCSGG
sflhk11572i,CCSGG
sflhk115731i,CCSGG
sfl2ai,CCWGG
sfl2bi,CCWGG
sfni,GGWCC
sfoi,GGCGCC
sfri,CCGCGG
sfr274i,CTCGAG
sfr303i,CCGCGG
sfr382i,CCGCGG
sfui,TTCGAA
sfu1762i,CTCGAG
sgai,CTCGAG
sgei,CNNGNNNNNNNNN
sgfi,GCGATCGC
sgh1835i,GGWCC
sghwii,GCCGGC
sgii,CTGCAG
sgoi,CTCGAG
sgr20i,CCWGG
sgr1839i,TTCGAA
sgr1841i,CTCGAG
sgr13350i,GAGCTC
sgr13350iii,GCTCTTC
sgrai,CRCCGGYG
sgrbi,CCGCGG
sgrdi,CGTCGACG
sgrti,CCDS
sgsi,GGCGCGCC
sgui,CC
shai,GGGTC
shyi,CCGCGG
shy1766i,CTCGAG
simi,GGGTC
sini,GGWCC
sinai,GGWCC
sinbi,GGWCC
sinci,GGWCC
sindi,GGWCC
sinei,GGWCC
sinfi,GGWCC
singi,GGWCC
sinhi,GGWCC
sinji,GGWCC
sinmi,GATC
skai,GCCGGC
skaii,CTGCAG
slai,CTCGAG
slbi,GGTCTC
slei,CCWGG
slui,CTCGAG
slu1777i,GCCGGC
smai,CCCGGG
sma325i,ARCCCT
sma10259ii,CAAAGA
sma10498iii,ARCCCT
smaai,CGTACG
smaaii,GACNNNGTC
smaaiii,CGATCG
smaaiv,CAGCTG
smaumh5i,CTTGAC
smaumh8i,GCGAACB
smii,ATTTAAAT
smimi,CAYNNNNRTG
smimii,GATATC
smimbi,GATC
smli,CTYRAG
smoi,CTYRAG
smo40529i,GCCGGC
smoli,CCGG
smolii,GCAGT
smui,CCCGC
smuci,ATGCAT
smuei,GGWCC
snai,GTATAC
sna507viii,CRTTGAG
sna3286i,TCGCGA
snabi,TACGTA
snii,CCWGG
snoi,GTGCAC
sno506i,GGCCGAG
soli,GGATCC
sol3335i,CAGCTG
sol10179i,CTCGAG
soni,ATCGAT
sor11427ii,TCGAG
spai,CTCGAG
spahi,GCATGC
spapi,GACNNNGTC
spapii,CGATCG
spapiii,CAGCTG
spapiv,AAGCTT
spaxi,GCATGC
spei,ACTAGT
spe19205iv,GGACY
sphi,GCATGC
sph1719i,CTCGAG
spli,CGTACG
splii,GACNNNGTC
spliii,GGCC
splai,CGTACG
splaii,GACNNNGTC
splaiii,CGATCG
splaiv,CAGCTG
splrp8i,CCCAAG
spmi,ATCGAT
spn7466iv,TCGAG
spn13276iii,TCGAG
spn23fi,GATC
spnrii,TCGAG
spoi,TCGCGA
spodi,GCGGRAG
sprli,CTGCAG
spui,CCGCGG
spvi,GGATCC
sqii,GCWGC
srfi,GCCCGGGC
srii,CTGCAG
srifpi,CTCGAG
srli,GCCGGC
srlii,ATGCAT
srl19i,TTTAAA
srl1di,CTGCAG
srl2di,CTGCAG
srl5di,CTGCAG
srl8di,ATTAAT
srl32di,CTGCAG
srl32dii,GAATTC
srl55di,GAATTC
srl55dii,ATTAAT
srl56di,CTRYAG
srl61di,TTTAAA
srl65di,ATTAAT
srl76di,TTTAAA
srl77di,GCCGGC
srr17i,ATTAAT
srui,TTTAAA
sru10848i,TGGCCA
sru4di,ATTAAT
sru30di,AGGCCT
ssbi,AAGCTT
sscl1i,GANTC
ssei,TGATCA
sseii,CCGCGG
sse9i,AATT
sse232i,CGCCGGCG
sse1825i,GGGWCCC
sse8387i,CCTGCAGG
sse8647i,AGGWCCT
sseai,GGCGCC
ssebi,AGGCCT
sshai,CCTNAGG
ssii,CCGC
ssiai,GATC
ssibi,GATC
ssli,CCWGG
ssmi,CTGATG
ssmii,CCGCGG
ssm4i,GAGCTC
ssm5i,GAGCTC
ssm5ii,CCGCGG
ssoi,GAATTC
ssoii,CCNGG
sspi,AATATT
ssp1i,TTCGAA
ssp2i,CCSGG
ssp4i,CTCGAG
ssp12i,CTGCAG
ssp14i,TTCGAA
ssp34i,TTCGAA
ssp42i,TTCGAA
ssp43i,TTCGAA
ssp45i,TTCGAA
ssp47i,TTCGAA
ssp48i,TTCGAA
ssp152i,TTCGAA
ssp714ii,CGCAGCG
ssp1725i,CCGCGG
ssp4800i,TGTACA
ssp5230i,GACGTC
ssp6714iv,GCGGRAG
ssp6803iv,GAAGGC
ssp27144i,ATCGAT
sspai,CCWGG
sspbi,TGTACA
sspci,GCCGGC
sspdi,GGCGCC
sspd5i,GGTGA
sspd5ii,ATGCAT
sspji,TACGTA
sspjii,GRCGYC
sspki,CGTACG
sspmi,CTAG
sspm1i,TACGTA
sspm1ii,GRCGYC
sspm1iii,GGYRCC
sspm2i,TACGTA
sspm2ii,GRCGYC
sspp33ii,GGGAC
ssprfi,TTCGAA
ssri,GTTAAC
ssti,GAGCTC
sstii,CCGCGG
sstiv,TGATCA
sst12i,CTGCAG
sste37i,CGAAGAC
sste37iii,CTGAAG
ssu211i,GATC
ssu212i,GATC
ssu220i,GATC
r1.ssu2479i,GATC
r2.ssu2479i,GATC
r1.ssu4109i,GATC
r2.ssu4109i,GATC
r1.ssu4961i,GATC
r2.ssu4961i,GATC
r1.ssu8074i,GATC
r2.ssu8074i,GATC
r1.ssu11318i,GATC
r2.ssu11318i,GATC
r1.ssudat1i,GATC
r2.ssudat1i,GATC
ssvi,AGGCCT
stai,CCGCGG
staai,CTCGAG
stei,AGGCCT
sthi,GGTACC
sth117i,CCWGG
sth132i,CCCG
sth134i,CCGG
sth302i,CCWGG
sth302ii,CCGG
sth368i,GATC
sth455i,CCWGG
sth20745iii,GGACGAC
sthai,GGTACC
sthbi,GGTACC
sthci,GGTACC
sthcs8ii,CAGAG
sthdi,GGTACC
sthei,GGTACC
sthfi,GGTACC
sthgi,GGTACC
sthhi,GGTACC
sthji,GGTACC
sthki,GGTACC
sthli,GGTACC
sthmi,GGTACC
sthni,GGTACC
sthst3ii,GAAGT
stri,CTCGAG
stsi,GGATG
stui,AGGCCT
styi,CCWWGG
styd4i,CCNGG
suai,GGCC
suii,GCWGC
suli,GGCC
suni,CGTACG
suri,GGATCC
surp32aii,ACRGAG
sve194i,CTCGAG
sve396i,GCWGC
svii,TTCGAA
svoi,CRCCGGYG
swai,ATTTAAAT
syni,GGWCC
synii,GAANNNNTTC
taai,ACNGT
tagi,ACGT
taii,ACGT
taqi,TCGA
taqii,GACCGA
taqiii,CACCCA
taq20i,TCGA
taq52i,GCWGC
taqxi,CCWGG
tasi,AATT
tati,WGTACW
taui,GCSGC
tauii,CGGCCG
tbr51i,TCGA
tcei,GAAGA
tdei,GATC
tdeii,CTCTTC
tdeiii,GGNCC
teli,GACNNNGTC
tfii,GAWTC
tfia3i,TCGA
tfitok6a1i,TCGA
tfli,TCGA
tgli,CCGCGG
thai,CGCG
tkoi,GTGAAG
tkoii,TTCAAG
tlii,CTCGAG
tmai,CGCG
tmu1i,CCSGG
tnei,GCWGC
tnedi,CGCG
tpytp2i,ACCAAG
trskti,GATC
trsktii,GACNNNGTC
trsktiii,CATATG
trssi,GATC
trssii,GACNNNNNNGTC
trsti,GATC
trstii,CTTAAG
trui,GGWCC
truii,GATC
tru1i,TTAA
tru9i,TTAA
tru28i,GGWCC
tru201i,RGATCY
tsci,ACGT
tscai,CASTGNN
tsc4ai,TCGA
tsei,GCWGC
tseai,GDGCHC
tsebi,GCWGC
tseci,AATT
tsedi,RCCGGY
tsefi,GTSAC
tsoi,TARCCA
tspi,GACNNNGTC
tsp1i,ACTGG
tsp32i,TCGA
tsp32ii,TCGA
tsp45i,GTSAC
tsp49i,ACGT
tsp132i,GGCC
tsp133i,GATC
tsp219i,GCCNNNNNGGC
tsp266i,GGCC
tsp273i,GATATC
tsp273ii,GGCC
tsp281i,GGCC
tsp301i,GGWCC
tsp358i,TCGA
tsp504i,CGGCCG
tsp505i,TCGA
tsp507i,TCCGGA
tsp509i,AATT
tsp510i,TCGA
tsp514i,TCCGGA
tsp560i,GGCC
tspai,CCWGG
tsparh3i,GRACGAC
tspbi,CCRYGG
tsp4ci,ACNGT
tspdti,ATGAA
tspei,AATT
tsp8ei,GCCNNNNNGGC
tspgwi,ACGGA
tspgwii,CTGCAG
tspidsi,ACGT
tspmi,CCCGGG
tspni,TCGA
tspri,CASTGNN
tspwam8ai,ACGT
tspzni,GGCC
tssi,GAGNNNCTC
tsti,CACNNNNNNTCC
tsti,GGANNNNNNGTG
tsui,GCGAC
ttei,GACNNNGTC
tteai,GGCC
tth24i,TCGA
tth111i,GACNNNGTC
tth111ii,CAARCA
tthhb8i,TCGA
tthhb27i,CAARCA
tthrqi,TCGA
ttmi,ACGT
ttmii,GCGCGC
ttni,GGCC
ttoi,CCGCGG
ttri,GACNNNGTC
tvu2hi,GGCC
uba4i,GATC
uba6i,ACGCGT
uba9i,GGCC
uba11i,CCWGG
uba13i,CCWGG
uba17i,CCNGG
uba19i,GGATCC
uba20i,CCWGG
uba22i,ATCGAT
uba24i,ATCGAT
uba30i,ATCGAT
uba31i,GGATCC
uba34i,ATCGAT
uba36i,YGGCCR
uba38i,GGATCC
uba39i,GRGCYC
uba40i,AGGCCT
uba41i,CCSGG
uba42i,CCSGG
uba43i,ATCGAT
uba46i,CTGCAG
uba48i,GGWCC
uba51i,GGATCC
uba54i,GGCC
uba57i,GRGCYC
uba58i,GAATTC
uba59i,GATC
uba61i,GGCC
uba62i,GGWCC
uba65i,GGTCTC
uba66i,CCGCGG
uba69i,GCGCGC
uba71i,CTGCAG
uba72i,CTGCAG
uba76i,GGTACC
uba77i,CCGCGG
uba81i,CCWGG
uba82i,CCWGG
uba83i,AAGCTT
uba84i,GGTCTC
uba85i,GGTACC
uba86i,GGTACC
uba87i,GGTACC
uba88i,GGATCC
uba89i,GTCGAC
uba90i,CCGCGG
uba1093i,CCGCGG
uba1094i,AGTACT
uba1095i,CCGCGG
uba1096i,ATCGAT
uba1097i,GGCC
uba1098i,GGATCC
uba1099i,GGNCC
uba1100i,ATCGAT
uba1101i,GATC
uba1111i,CCGCGG
uba1112i,CTGCAG
uba1113i,CCGCGG
uba1114i,CCWGG
uba1115i,CTGCAG
uba1116i,CTGCAG
uba1117i,TCGCGA
uba1118i,CCWGG
uba1119i,CTGCAG
uba1120i,CCWGG
uba1121i,CCWGG
uba1122i,GCCGGC
uba1123i,CTGCAG
uba1124i,GRGCYC
uba1125i,CCWGG
uba1126i,CCGCGG
uba1127i,GGYRCC
uba1128i,CCGG
uba1129i,CGATCG
uba1130i,CTCGAG
uba1131i,GGWCC
uba1133i,ATCGAT
uba1134i,GGNCC
uba1136i,TCCGGA
uba1137i,ATCGAT
uba1138i,ATCGAT
uba1139i,CGATCG
uba1140i,GGCC
uba1141i,CCGG
uba1142i,GRGCYC
uba1144i,ATCGAT
uba1145i,ATCGAT
uba1146i,GGCC
uba1147i,GGCC
uba1148i,CTCGAG
uba1149i,CTGCAG
uba1150i,GGCC
uba1152i,GGCC
uba1153i,GGCC
uba1154i,CTCGAG
uba1155i,GGCC
uba1156i,GGGCCC
uba1157i,GGGCCC
uba1158i,AGTACT
uba1159i,GRGCYC
uba1160i,GGNCC
uba1161i,ATCGAT
uba1162i,GCATGC
uba1163i,GGATCC
uba1164i,GGNCC
uba1164ii,AAGCTT
uba1165i,GGGCCC
uba1166i,CTCGAG
uba1167i,GGATCC
uba1168i,ATCGAT
uba1169i,GGCC
uba1170i,AGGCCT
uba1171i,CCWGG
uba1172i,GGATCC
uba1173i,GGATCC
uba1174i,GGCC
uba1175i,GGCC
uba1176i,GGCC
uba1177i,GATC
uba1178i,GGCC
uba1179i,GGCC
uba1180i,AGGCCT
uba1181i,CCWGG
uba1182i,GATC
uba1183i,GATC
uba1184i,CTGCAG
uba1184ii,CCTNAGG
uba1185i,CCWGG
uba1186i,CTGCAG
uba1187i,CCGCGG
uba1188i,YGGCCR
uba1189i,CCWGG
uba1190i,GACNNNNNGTC
uba1191i,GACNNNNNGTC
uba1192i,CTCTTC
uba1193i,CCWGG
uba1195i,ATCGAT
uba1196i,ATCGAT
uba1197i,ATCGAT
uba1198i,ATCGAT
uba1199i,ATCGAT
uba1200i,ATCGAT
uba1201i,GGTACC
uba1202i,GGGCCC
uba1203i,GTGCAC
uba1204i,GATC
uba1205i,GGATCC
uba1205ii,CYCGRG
uba1206i,GRGCYC
uba1207i,GGCC
uba1208i,GGCC
uba1209i,GGCC
uba1210i,GGCC
uba1211i,CTGCAG
uba1212i,CTGCAG
uba1213i,CTGCAG
uba1214i,GGCC
uba1215i,CTGCAG
uba1216i,CTGCAG
uba1217i,AGGCCT
uba1218i,CCWGG
uba1219i,AAGCTT
uba1220i,CCCGGG
uba1221i,GCTNAGC
uba1222i,GCTNAGC
uba1223i,GGCC
uba1224i,GGATCC
uba1225i,CTGCAG
uba1226i,GCATGC
uba1227i,CAGCTG
uba1228i,GGCC
uba1229i,CCGCGG
uba1230i,GGCC
uba1231i,GGCC
uba1232i,CTGCAG
uba1233i,ATCGAT
uba1234i,CCGCGG
uba1235i,GGCC
uba1237i,CTCGAG
uba1238i,ATCGAT
uba1239i,AGGCCT
uba1240i,TACGTA
uba1241i,GGGCCC
uba1242i,GGATCC
uba1243i,CCWGG
uba1244i,CCGCGG
uba1245i,CAGCTG
uba1246i,ATCGAT
uba1248i,CTCGAG
uba1249i,GGWCC
uba1250i,GGATCC
uba1256i,CTGCAG
uba1257i,ATCGAT
uba1258i,GGATCC
uba1259i,GATC
uba1262i,CTGCAG
uba1263i,GRGCYC
uba1264i,GRGCYC
uba1266i,CTTAAG
uba1267i,CCGG
uba1271i,CTCGAG
uba1272i,GGWCC
uba1275i,ATCGAT
uba1276i,CTCTTC
uba1278i,GGWCC
uba1279i,TCCGGA
uba1280i,CCSGG
uba1282i,TGATCA
uba1283i,TGATCA
uba1284i,GCTNAGC
uba1286i,ATCGAT
uba1287i,CTGCAG
uba1288i,GGCC
uba1289i,CCTNNNNNAGG
uba1290i,CCTNNNNNAGG
uba1291i,GGTNACC
uba1292i,GGCC
uba1293i,GGCC
uba1294i,CCTNAGG
uba1294ii,CTGCAG
uba1295i,ATCGAT
uba1296i,CTGCAG
uba1297i,GGATCC
uba1298i,CTCGAG
uba1299i,CTTAAG
uba1302i,GGATCC
uba1303i,CGRYCG
uba1304i,GGWCC
uba1305i,GGNNCC
uba1306i,CCGCGG
uba1307i,GRGCYC
uba1308i,CCTNNNNNAGG
uba1309i,CCTNNNNNAGG
uba1310i,CCTNNNNNAGG
uba1311i,CCWWGG
uba1312i,CTTAAG
uba1313i,CTTAAG
uba1314i,GGWCC
uba1315i,ATCGAT
uba1316i,GGTCTC
uba1317i,GATC
uba1318i,CCSGG
uba1319i,GGCC
uba1320i,GCTNAGC
uba1321i,CGCG
uba1322i,GGCC
uba1323i,GATC
uba1324i,GGATCC
uba1325i,GGATCC
uba1326i,RGGNCCY
uba1327i,YGGCCR
uba1328i,CTGCAG
uba1329i,GRGCYC
uba1330i,GRGCYC
uba1331i,CTTAAG
uba1332i,CCTNAGG
uba1333i,CCTNAGG
uba1334i,GGATCC
uba1335i,CTCGAG
uba1336i,GGCC
uba1337i,CTGCAG
uba1338i,CCGG
uba1339i,GGATCC
uba1342i,ATCGAT
uba1343i,GGTCTC
uba1346i,GGATCC
uba1347i,CCSGG
uba1353i,ATGCAT
uba1355i,CCGG
uba1357i,GRGCYC
uba1362i,GDGCHC
uba1363i,GRGCYC
uba1364i,CCGCGG
uba1366i,GATC
uba1366ii,ATCGAT
uba1367i,ATGCAT
uba1368i,GGGCCC
uba1369i,CCGCGG
uba1370i,CCSGG
uba1371i,AGGCCT
uba1372i,CCSGG
uba1373i,GGWCC
uba1374i,CTTAAG
uba1375i,TCCGGA
uba1376i,CCSGG
uba1377i,GGCC
uba1378i,CCSGG
uba1379i,ATCGAT
uba1380i,ATCGAT
uba1381i,GRCGYC
uba1382i,GAATGC
uba1383i,GGATCC
uba1384i,ATGCAT
uba1385i,TTCGAA
uba1386i,TCGCGA
uba1387i,GTGCAC
uba1388i,GGCC
uba1389i,CCSGG
uba1391i,CCNGG
uba1392i,GGCC
uba1393i,CCCGGG
uba1394i,ATCGAT
uba1395i,GGCC
uba1397i,CTCGAG
uba1398i,GGATCC
uba1399i,CTGCAG
uba1400i,GATATC
uba1401i,CCSGG
uba1402i,GGATCC
uba1403i,AGGCCT
uba1404i,CGCG
uba1405i,CGCG
uba1408i,GGCC
uba1408ii,GTTAAC
uba1409i,GRGCYC
uba1410i,CCWGG
uba1411i,CTGCAG
uba1412i,ATCGAT
uba1413i,GGWCC
uba1414i,GGATCC
uba1415i,GAATGC
uba1416i,ATCGAT
uba1417i,CTGCAG
uba1418i,GGCC
uba1419i,AGGCCT
uba1420i,CTTAAG
uba1421i,GRGCYC
uba1422i,GGCC
uba1423i,CCSGG
uba1424i,CCSGG
uba1425i,TCCGGA
uba1426i,CTTAAG
uba1427i,ATCGAT
uba1428i,CCWGG
uba1429i,GGCC
uba1430i,ATCGAT
uba1431i,TGATCA
uba1432i,RGATCY
uba1433i,AGCT
uba1435i,AAGCTT
uba1436i,CYCGRG
uba1437i,CTGGAG
uba1438i,GGWCC
uba1439i,CCGG
uba1440i,CYCGRG
uba1441i,AGCT
uba1442i,CCNNGG
uba1443i,CTTAAG
uba1444i,CTGGAG
uba1445i,GGNNCC
uba1446i,CGCG
uba1447i,TGATCA
uba1448i,CTCGAG
uba1449i,GGCC
uba1450i,GGCC
uba1451i,ATCGAT
uba1452i,TTCGAA
uba1453i,ATCGAT
uba4009i,GGATCC
uba153ai,CAGCTG
ubaf9i,TACNNNNNRTGT
ubaf11i,TCGTA
ubaf12i,CTACNNNGTC
ubaf13i,GAGNNNNNNCTGG
ubaf14i,CCANNNNNTCG
ubahkai,CCGCGG
ubahkbi,CTGCAG
ubalai,CCWGG
ubam39i,CAGCTG
uban1i,GATC
uban2i,GGCC
uban3i,GGATCC
uban4i,GATATC
uban5i,CTAG
uban6i,GATNNNNATC
uban6ii,CYCGRG
uban7i,CTCTTC
uban8i,GGCC
uban9i,AACGTT
uban10i,WCCGGW
uban11i,CCSGG
uban11ii,CCWGG
uban12i,CACGAG
uban13i,CCGG
uban14i,GGATCC
uban15i,GGWCC
uban16i,CCWGG
uban17i,AAGCTT
uban18i,ATCGAT
uban19i,TCTAGA
uban20i,GATNNNNATC
uban21i,GATATC
uban22i,ATCGAT
ubapi,CGAACG
ucomsi,GAGCTCNNNNN
ucomsi,GAGCTCNNNNN
umi5i,CYCGRG
umi7i,TGATCA
unbi,GGNCC
upap162i,CATG
uth549i,GGCC
uth554i,GGWCC
uth555i,GGCC
uth557i,GGCC
uur960i,GCNGC
vani,GCCNNNNNGGC
van91i,CCANNNNNTGG
van91ii,GAATTC
van91iii,GGCC
van425ii,CCKAAG
van9116i,CCKAAG
varfi,GCNGC
vchn100i,GAATTC
vcho2i,GAATTC
vcho25i,GTATAC
vcho44i,AGGCCT
vcho49i,AGTACT
vcho66i,GGNCC
vcho68i,GCATGC
vcho70i,TCGCGA
vcho85i,GGNCC
vcho87i,CTGCAG
vcho90i,GGNCC
vdi96ii,GNCYTAG
vfii,CTTAAG
vga43942ii,CCANNNNNCTC
vhai,GGCC
vha44i,GATC
vha464i,CTTAAG
vha1168i,GGCC
vha43516ii,GCYYGAC
vnei,GTGCAC
vneai,RGGNCCY
vnii,GGCC
vpak11i,GGWCC
vpak15i,GGNCC
vpak25i,GGNCC
vpak32i,GCTCTTC
vpak57i,GGTCTC
vpak65i,GGWCC
vpak3ai,CACGTG
vpak4ai,CTGCAG
vpak7ai,GGWCC
vpak9ai,GGNCC
vpak11ai,GGWCC
vpak13ai,GGWCC
vpak19ai,GGNCC
vpak29ai,CTGCAG
vpak57ai,GGTCTC
vpak3bi,CACGTG
vpak4bi,CTGCAG
vpak11bi,GGWCC
vpak19bi,GGNCC
vpak11ci,GGWCC
vpak11di,GGWCC
vpakutai,GGNCC
vpakutbi,GGNCC
vpakutei,CTCTTC
vpakutfi,CTCTTC
vpakutgi,CTGCAG
vpakuthi,GGTCTC
vpakutji,GGNCC
vpao5i,CTCTTC
vspi,ATTAAT
vsp2246i,GGYRCC
vtu19109i,CACRAYC
vvuenv1ii,CCGCAG
wvii,CACRAG
wvi11634i,CACRAG
xagi,CCTNNNNNAGG
xami,GTCGAC
xapi,RAATTY
xbai,TCTAGA
xcai,GTATAC
xca85iv,TACGAG
xcei,RCATGY
xcii,GTCGAC
xcmi,CCANNNNNNNNNTGG
xcpi,CTGCAG
xcyi,CCCGGG
xgl3216i,CGATCG
xgl3217i,CGATCG
xgl3218i,CGATCG
xgl3219i,CGATCG
xgl3220i,CGATCG
xhoi,CTCGAG
xhoii,RGATCY
xmai,CCCGGG
xmaiii,CGGCCG
xmaci,CCCGGG
xmaji,CCTAGG
xmii,GTMKAC
xmli,CGATCG
xmlai,CGATCG
xmni,GAANNNNTTC
xnii,CGATCG
xori,CTGCAG
xorii,CGATCG
xorki,CGATCG
xorkii,CTGCAG
xpai,CTCGAG
xphi,CTGCAG
xspi,CTAG
xsp91ii,CGACCAG
xvei,CTGCAG
yeni,CTGCAG
yenai,CTGCAG
yenbi,CTGCAG
yenci,CTGCAG
yendi,CTGCAG
yenei,CTGCAG
ykri,C
yps3606i,CGGAAG
zani,CCWGG
zhoi,ATCGAT
zrai,GACGTC
zrmi,AGTACT
zsp2i,ATGCAT
